         0      3.000000      0.000000
    100000      3.046575      0.063165
    200000      3.112796      0.064578
    300000      3.162617     -0.007895
    400000      3.221804     -0.035787
    500000      3.287906     -0.053408
    600000      3.357347     -0.042658
    700000      3.411164     -0.018959
    800000      3.459297     -0.179828
    900000      3.516648     -0.169835
   1000000      3.605888     -0.013683
   1100000      3.644696      0.034034
   1200000      3.695993     -0.257571
   1300000      3.726962     -0.311973
   1400000      3.792762     -0.337568
   1500000      3.851120     -0.349606
   1600000      3.900425     -0.369894
   1700000      3.950970     -0.429170
   1800000      4.065893     -0.330228
   1900000      4.020979     -0.575484
   2000000      4.084811     -0.609328
   2100000      4.056693     -0.723965
   2200000      4.090735     -0.773378
   2300000      4.062883     -0.849023
   2400000      4.086707     -0.933110
   2500000      4.178195     -0.950787
   2600000      4.098332     -1.048509
   2700000      4.070963     -1.149661
   2800000      4.135888     -1.190707
   2900000      4.145706     -1.257916
   3000000      4.155475     -1.325972
   3100000      4.175126     -1.379281
   3200000      4.231983     -1.422937
   3300000      4.218982     -1.507012
   3400000      4.172157     -1.602853
   3500000      4.159547     -1.658297
   3600000      4.225281     -1.706288
   3700000      4.190721     -1.786460
   3800000      4.096297     -1.866537
   3900000      3.781485     -1.920610
   4000000      3.770888     -1.991469
   4100000      3.747965     -2.036025
   4200000      3.658016     -2.065462
   4300000      3.428152     -2.021367
   4400000      3.332088     -2.029063
   4500000      3.269261     -2.049480
   4600000      3.156856     -2.010719
   4700000      3.208407     -2.179902
   4800000      3.131358     -2.199649
   4900000      2.956877     -2.072097
   5000000      2.887969     -2.082875
   5100000      2.886534     -2.221986
   5200000      2.746133     -2.129052
   5300000      2.677667     -2.132777
   5400000      2.605140     -2.101085
   5500000      2.525455     -2.026377
   5600000      2.452728     -1.959962
   5700000      2.381798     -2.001594
   5800000      2.304181     -2.019681
   5900000      2.246469     -1.876593
   6000000      2.151788     -2.028258
   6100000      2.028280     -2.055959
   6200000      1.987822     -2.019968
   6300000      1.928782     -2.254333
   6400000      1.862204     -2.238197
   6500000      1.774522     -2.204734
   6600000      1.683797     -2.106176
   6700000      1.622734     -2.144384
   6800000      1.573920     -2.071145
   6900000      1.484486     -2.125470
   7000000      1.428605     -1.945241
   7100000      1.358822     -1.975355
   7200000      1.284373     -1.993411
   7300000      1.192184     -2.012389
   7400000      1.126970     -1.941089
   7500000      1.056959     -2.097772
   7600000      1.016906     -2.226872
   7700000      1.004173     -2.316461
   7800000      0.911615     -2.313392
   7900000      0.736118     -2.130142
   8000000      0.699938     -2.241286
   8100000      0.643251     -2.274288
   8200000      0.552198     -2.260405
   8300000      0.478134     -2.230847
   8400000      0.396509     -2.244816
   8500000      0.340161     -2.335550
   8600000      0.347542     -2.490776
   8700000      0.323288     -2.556442
   8800000      0.260927     -2.588579
   8900000      0.210349     -2.646698
   9000000      0.009641     -2.514497
   9100000     -0.057132     -2.514261
   9200000     -0.065385     -2.623022
   9300000     -0.144773     -2.620261
   9400000     -0.217123     -2.664161
   9500000     -0.357987     -2.540057
   9600000     -0.424482     -2.612567
   9700000     -0.535101     -2.503296
   9800000     -0.608147     -2.513753
   9900000     -0.700076     -2.434499
  10000000     -0.756533     -2.549659
  10100000     -0.824846     -2.522609
  10200000     -0.830559     -2.736210
  10300000     -0.942243     -2.722961
  10400000     -1.019362     -2.726903
  10500000     -1.075807     -2.842471
  10600000     -1.147360     -2.854161
  10700000     -1.317333     -2.422078
  10800000     -1.394946     -2.440987
  10900000     -1.459155     -2.402306
  11000000     -1.534503     -2.561373
  11100000     -1.522198     -2.761444
  11200000     -1.617306     -2.748545
  11300000     -1.660542     -2.828881
  11400000     -1.760103     -2.781772
  11500000     -1.804487     -2.884341
  11600000     -1.920479     -2.714335
  11700000     -1.985683     -2.788534
  11800000     -2.024121     -2.845002
  11900000     -2.147449     -2.647871
  12000000     -2.215614     -2.665351
  12100000     -2.291899     -2.638811
  12200000     -2.353881     -2.653899
  12300000     -2.408096     -2.780216
  12400000     -2.514933     -2.733745
  12500000     -2.590880     -2.642262
  12600000     -2.652744     -2.658160
  12700000     -2.700422     -2.556104
  12800000     -2.786343     -2.673769
  12900000     -2.857548     -2.697592
  13000000     -2.940221     -2.750902
  13100000     -2.985962     -2.710746
  13200000     -3.049385     -2.813317
  13300000     -3.133369     -2.819056
  13400000     -3.180309     -2.895730
  13500000     -3.240648     -2.917649
  13600000     -3.312566     -2.979186
  13700000     -3.359885     -3.044557
  13800000     -3.449989     -2.982186
  13900000     -3.506819     -3.037905
  14000000     -3.580338     -3.025963
  14100000     -3.641926     -3.116637
  14200000     -3.712285     -3.132350
  14300000     -3.792036     -3.041180
  14400000     -3.860143     -3.191029
  14500000     -3.945782     -3.147902
  14600000     -4.025253     -3.145172
  14700000     -4.090552     -3.154114
  14800000     -4.140248     -3.285807
  14900000     -4.244544     -3.160619
  15000000     -4.275525     -3.233357
  15100000     -4.363221     -3.301076
  15200000     -4.463900     -3.241560
  15300000     -4.522597     -3.188606
  15400000     -4.578902     -3.241274
  15500000     -4.655639     -3.227951
  15600000     -4.725436     -3.115301
  15700000     -4.783662     -3.182181
  15800000     -4.844778     -3.005179
  15900000     -4.845647     -2.867947
  16000000     -4.927678     -2.834051
  16100000     -4.987057     -2.782923
  16200000     -5.042709     -2.746498
  16300000     -5.156099     -2.820000
  16400000     -5.229819     -2.833470
  16500000     -5.308973     -2.840012
  16600000     -5.342231     -2.751887
  16700000     -5.404135     -2.751536
  16800000     -5.494623     -2.852835
  16900000     -5.549287     -2.826772
  17000000     -5.605651     -2.836248
  17100000     -5.652449     -2.593297
  17200000     -5.682847     -2.518572
  17300000     -5.763839     -2.539850
  17400000     -5.846316     -2.463038
  17500000     -5.854652     -2.345258
  17600000     -6.060149     -2.618041
  17700000     -6.127862     -2.629425
  17800000     -6.213513     -2.701235
  17900000     -6.287278     -2.707482
  18000000     -6.355473     -2.687872
  18100000     -6.426383     -2.706974
  18200000     -6.502851     -2.748573
  18300000     -6.550007     -2.859157
  18400000     -6.629467     -2.872510
  18500000     -6.744984     -2.707170
  18600000     -6.792674     -2.786833
  18700000     -6.850051     -2.607095
  18800000     -6.943917     -2.508028
  18900000     -6.995778     -2.488746
  19000000     -7.052165     -2.402666
  19100000     -7.170223     -2.513319
  19200000     -7.208222     -2.399249
  19300000     -7.281823     -2.378198
  19400000     -7.319025     -2.270453
  19500000     -7.407964     -2.294987
  19600000     -7.459331     -2.222169
  19700000     -7.561457     -2.337678
  19800000     -7.607009     -2.238586
  19900000     -7.704508     -2.384749
  20000000     -7.770069     -2.299459
  20100000     -7.854257     -2.358343
  20200000     -7.891620     -2.503144
  20300000     -7.973949     -2.506543
  20400000     -7.992329     -2.600734
  20500000     -8.059036     -2.639238
  20600000     -8.110169     -2.726818
  20700000     -8.264357     -2.477948
  20800000     -8.335605     -2.585669
  20900000     -8.374780     -2.727066
  21000000     -8.534630     -2.366309
  21100000     -8.598865     -2.252383
  21200000     -8.684486     -2.265800
  21300000     -8.754923     -2.315038
  21400000     -8.789374     -2.125303
  21500000     -8.857059     -2.131070
  21600000     -8.952108     -2.258322
  21700000     -9.008233     -2.254142
  21800000     -9.074496     -2.226118
  21900000     -9.138764     -2.366405
  22000000     -9.202931     -2.392951
  22100000     -9.238156     -2.516279
  22200000     -9.335741     -2.495100
  22300000     -9.378204     -2.592181
  22400000     -9.391137     -2.674252
  22500000     -9.474538     -2.677685
  22600000     -9.541266     -2.702449
  22700000     -9.563890     -2.747064
  22800000     -9.579278     -2.828610
  22900000     -9.747156     -2.705673
  23000000     -9.819270     -2.733271
  23100000     -9.910034     -2.641800
  23200000    -10.013973     -2.551752
  23300000    -10.064847     -2.501573
  23400000    -10.113817     -2.470156
  23500000    -10.208006     -2.651128
  23600000    -10.287627     -2.594508
  23700000    -10.356410     -2.564177
  23800000    -10.408044     -2.633845
  23900000    -10.485784     -2.664230
  24000000    -10.598571     -2.566852
  24100000    -10.681980     -2.563017
  24200000    -10.745250     -2.641776
  24300000    -10.813816     -2.687404
  24400000    -10.922956     -2.573942
  24500000    -11.001469     -2.522839
  24600000    -11.053848     -2.450321
  24700000    -11.081454     -2.319414
  24800000    -11.213305     -2.512371
  24900000    -11.268420     -2.627605
  25000000    -11.284938     -2.753023
  25100000    -11.368019     -2.752499
  25200000    -11.512283     -2.591565
  25300000    -11.597646     -2.566603
  25400000    -11.659597     -2.599950
  25500000    -11.722719     -2.447617
  25600000    -11.772471     -2.346742
  25700000    -11.820734     -2.324751
  25800000    -11.934460     -2.691163
  25900000    -12.017918     -2.685956
  26000000    -12.085526     -2.684771
  26100000    -12.157845     -2.808831
  26200000    -12.215880     -2.864040
  26300000    -12.304056     -2.751085
  26400000    -12.360521     -2.650302
  26500000    -12.440676     -2.683512
  26600000    -12.504613     -2.644934
  26700000    -12.546856     -2.553888
  26800000    -12.629550     -2.568521
  26900000    -12.677919     -2.511474
  27000000    -12.788809     -2.839251
  27100000    -12.830485     -2.920099
  27200000    -12.953790     -2.743830
  27300000    -13.019629     -2.812895
  27400000    -13.106521     -2.695049
  27500000    -13.199202     -2.729505
  27600000    -13.264379     -2.764994
  27700000    -13.345100     -2.724781
  27800000    -13.387769     -2.609767
  27900000    -13.470523     -2.620516
  28000000    -13.509519     -2.694019
  28100000    -13.592896     -2.553362
  28200000    -13.669086     -2.578346
  28300000    -13.764029     -2.672816
  28400000    -13.840811     -2.826030
  28500000    -13.897068     -2.789483
  28600000    -13.985236     -2.825306
  28700000    -14.071357     -2.717221
  28800000    -14.109452     -2.671482
  28900000    -14.226375     -2.789955
  29000000    -14.313038     -2.889846
  29100000    -14.376152     -2.750962
  29200000    -14.443578     -2.770704
  29300000    -14.490585     -2.827712
  29400000    -14.568584     -2.667431
  29500000    -14.639880     -2.764993
  29600000    -14.694601     -2.682544
  29700000    -14.743490     -2.707193
  29800000    -14.815759     -2.668432
  29900000    -14.914427     -2.615047
  30000000    -14.969767     -2.502019
  30100000    -15.049751     -2.466720
  30200000    -15.104683     -2.427485
  30300000    -15.187281     -2.539332
  30400000    -15.225435     -2.899656
  30500000    -15.341121     -2.834861
  30600000    -15.406686     -2.914851
  30700000    -15.462786     -2.981798
  30800000    -15.505119     -3.044598
  30900000    -15.486750     -3.204171
  31000000    -15.631826     -3.144079
  31100000    -15.733900     -3.056912
  31200000    -15.781789     -3.114815
  31300000    -15.867190     -3.117292
  31400000    -15.868098     -3.282398
  31500000    -15.983725     -3.216568
  31600000    -16.035359     -3.338325
  31700000    -16.108940     -3.378485
  31800000    -16.185737     -3.341505
  31900000    -16.230374     -3.450355
  32000000    -16.048361     -3.700700
  32100000    -16.065969     -3.760684
  32200000    -16.063315     -3.819307
  32300000    -16.136210     -3.858481
  32400000    -16.112215     -3.918455
  32500000    -16.543982     -3.742698
  32600000    -16.732172     -3.593758
  32700000    -16.784386     -3.561165
  32800000    -16.846107     -3.610456
  32900000    -16.799436     -3.904746
  33000000    -16.867339     -3.933864
  33100000    -16.913893     -3.998356
  33200000    -17.052332     -3.972525
  33300000    -17.104526     -4.002853
  33400000    -17.193903     -3.964595
  33500000    -17.253397     -3.974671
  33600000    -17.275262     -4.051342
  33700000    -17.385726     -3.965399
  33800000    -17.466824     -3.928628
  33900000    -17.541686     -3.960147
  34000000    -17.598639     -3.977599
  34100000    -17.642008     -4.109482
  34200000    -17.727291     -4.086543
  34300000    -17.783775     -4.136486
  34400000    -17.834342     -4.164696
  34500000    -17.882566     -4.237404
  34600000    -18.039369     -4.084493
  34700000    -18.121209     -4.056545
  34800000    -18.209474     -3.973908
  34900000    -18.260356     -3.811846
  35000000    -18.368886     -3.891485
  35100000    -18.458981     -3.983532
  35200000    -18.524959     -3.861566
  35300000    -18.638247     -3.881123
  35400000    -18.708340     -4.063844
  35500000    -18.761455     -4.072114
  35600000    -18.884881     -4.109520
  35700000    -18.910387     -4.207803
  35800000    -19.026366     -4.018395
  35900000    -19.091461     -4.083967
  36000000    -19.171899     -4.061223
  36100000    -19.241167     -4.032597
  36200000    -19.287228     -3.951311
  36300000    -19.346733     -3.964974
  36400000    -19.440868     -4.049112
  36500000    -19.504485     -4.131793
  36600000    -19.595833     -4.036888
  36700000    -19.655960     -4.188905
  36800000    -19.706566     -4.237318
  36900000    -19.737397     -4.322123
  37000000    -19.882395     -4.087991
  37100000    -19.950307     -4.041025
  37200000    -19.963370     -3.910550
  37300000    -20.010374     -3.851505
  37400000    -20.129840     -3.938930
  37500000    -20.195804     -3.881067
  37600000    -20.251827     -3.801356
  37700000    -20.303648     -3.733142
  37800000    -20.357979     -3.675337
  37900000    -20.434122     -3.695422
  38000000    -20.505505     -3.679544
  38100000    -20.589087     -3.762419
  38200000    -20.588781     -3.566581
  38300000    -20.697635     -3.617839
  38400000    -20.596965     -3.359039
  38500000    -20.657579     -3.333382
  38600000    -20.714078     -3.287739
  38700000    -20.771428     -3.264348
  38800000    -20.912141     -3.283122
  38900000    -20.945887     -3.212745
  39000000    -20.994757     -3.170967
  39100000    -21.097891     -3.213644
  39200000    -21.084575     -3.092678
  39300000    -21.262120     -3.220705
  39400000    -21.249469     -3.039264
  39500000    -21.437590     -3.162169
  39600000    -21.551950     -3.154832
  39700000    -21.660657     -3.210805
  39800000    -21.703049     -3.141618
  39900000    -21.838102     -3.238205
  40000000    -21.923170     -3.298905
  40100000    -21.984279     -3.227999
  40200000    -22.056191     -3.257398
  40300000    -22.102695     -3.110701
  40400000    -22.185870     -3.140557
  40500000    -22.239483     -3.056605
  40600000    -22.315797     -3.102294
  40700000    -22.361246     -2.986056
  40800000    -22.418183     -2.972447
  40900000    -22.461508     -2.882286
  41000000    -22.465939     -2.757357
  41100000    -22.481869     -2.683259
  41200000    -22.561929     -2.689131
  41300000    -22.572203     -2.568830
  41400000    -22.726313     -2.607664
  41500000    -22.859213     -2.722594
  41600000    -22.935384     -2.624919
  41700000    -22.961092     -2.556469
  41800000    -22.995507     -2.487190
  41900000    -23.071892     -2.484978
  42000000    -23.090056     -2.395612
  42100000    -23.317021     -2.645794
  42200000    -23.346644     -2.565308
  42300000    -23.429584     -2.554177
  42400000    -23.497030     -2.522744
  42500000    -23.543100     -2.442165
  42600000    -23.611859     -2.460902
  42700000    -23.666658     -2.317000
  42800000    -23.697373     -2.244662
  42900000    -23.786613     -2.239871
  43000000    -23.784263     -2.100837
  43100000    -23.926606     -2.172827
  43200000    -23.974006     -2.126749
  43300000    -23.966271     -1.985352
  43400000    -23.951840     -1.866140
  43500000    -23.965608     -1.797955
  43600000    -24.124909     -1.826759
  43700000    -24.131392     -1.726712
  43800000    -24.195863     -1.695624
  43900000    -24.335348     -1.757165
  44000000    -24.377784     -1.684777
  44100000    -24.446738     -1.702755
  44200000    -24.512633     -1.732724
  44300000    -24.550462     -1.592315
  44400000    -24.583738     -1.563555
  44500000    -24.642251     -1.567970
  44600000    -24.738998     -1.554467
  44700000    -24.783521     -1.525647
  44800000    -24.984059     -1.610840
  44900000    -25.088338     -1.748143
  45000000    -25.170546     -1.725365
  45100000    -25.222223     -1.678971
  45200000    -25.288980     -1.699180
  45300000    -25.352587     -1.686543
  45400000    -25.366744     -1.514257
  45500000    -25.508608     -1.672543
  45600000    -25.549700     -1.798154
  45700000    -25.597267     -1.436251
  45800000    -25.679919     -1.460660
  45900000    -25.729439     -1.398218
  46000000    -25.833645     -1.439346
  46100000    -25.909023     -1.465739
  46200000    -25.957117     -1.423988
  46300000    -26.020670     -1.404064
  46400000    -26.030492     -1.325936
  46500000    -26.009521     -1.213800
  46600000    -26.140863     -1.233148
  46700000    -26.323716     -1.307202
  46800000    -26.422629     -1.367504
  46900000    -26.472739     -1.293012
  47000000    -26.532551     -1.278998
  47100000    -26.590007     -1.234795
  47200000    -26.683384     -1.297714
  47300000    -26.739187     -1.184351
  47400000    -26.800341     -1.123633
  47500000    -26.857806     -1.077778
  47600000    -26.895981     -1.029398
  47700000    -27.004262     -1.102667
  47800000    -27.054450     -1.070473
  47900000    -27.062675     -0.979630
  48000000    -27.158659     -0.956856
  48100000    -27.095363     -0.788239
  48200000    -27.337694     -0.926106
  48300000    -27.435262     -0.971922
  48400000    -27.517628     -0.969261
  48500000    -27.601434     -0.962098
  48600000    -27.687621     -1.054286
  48700000    -27.760404     -1.053570
  48800000    -27.827804     -1.082652
  48900000    -27.904913     -1.175335
  49000000    -27.950583     -1.300823
  49100000    -27.949091     -1.417702
  49200000    -28.095153     -1.223246
  49300000    -28.101406     -1.435242
  49400000    -28.209254     -1.407230
  49500000    -28.343307     -0.842822
  49600000    -28.364565     -0.775063
  49700000    -28.465736     -0.773714
  49800000    -28.609706     -0.947282
  49900000    -28.666315     -0.863000
  50000000    -28.742528     -0.871829
