         0      3.000000      0.000000
    100000      3.046962      0.016285
    200000      3.119824     -0.017953
    300000      3.178292     -0.017383
    400000      3.216731     -0.122357
    500000      3.248293     -0.195935
    600000      3.279764     -0.252863
    700000      3.342155     -0.279116
    800000      3.389957     -0.315113
    900000      3.525651     -0.244195
   1000000      3.553962     -0.300499
   1100000      3.671826     -0.245421
   1200000      3.733571     -0.276841
   1300000      3.770071     -0.331751
   1400000      3.842876     -0.325018
   1500000      3.788800     -0.530968
   1600000      3.829968     -0.559363
   1700000      3.903592     -0.599591
   1800000      3.890804     -0.707196
   1900000      3.873450     -0.867859
   2000000      3.926191     -0.912371
   2100000      4.022879     -0.915426
   2200000      4.097732     -0.929839
   2300000      4.195693     -0.886439
   2400000      4.206264     -1.019291
   2500000      4.244942     -1.085019
   2600000      4.289056     -1.104922
   2700000      4.371243     -1.106252
   2800000      4.390442     -1.176466
   2900000      4.216416     -1.456942
   3000000      4.188423     -1.544316
   3100000      4.295758     -1.562585
   3200000      4.328658     -1.620530
   3300000      4.338342     -1.670362
   3400000      4.378564     -1.722440
   3500000      4.472893     -1.742054
   3600000      4.547740     -1.764799
   3700000      4.477746     -1.900857
   3800000      4.497589     -1.946236
   3900000      4.367807     -2.039602
   4000000      4.420198     -2.109240
   4100000      4.471615     -2.176867
   4200000      4.475564     -2.258827
   4300000      4.498717     -2.327085
   4400000      4.515577     -2.394091
   4500000      4.533860     -2.450205
   4600000      3.937350     -2.517760
   4700000      4.081636     -2.642770
   4800000      4.167736     -2.684519
   4900000      3.879865     -2.740671
   5000000      3.832877     -2.818921
   5100000      3.759815     -2.857453
   5200000      3.672105     -2.883354
   5300000      3.584403     -2.939192
   5400000      3.386015     -2.877689
   5500000      3.090457     -2.720125
   5600000      3.015887     -2.720725
   5700000      3.000542     -2.753440
   5800000      2.865027     -2.721975
   5900000      2.857675     -2.876333
   6000000      2.750020     -2.871447
   6100000      2.720661     -2.958861
   6200000      2.694482     -3.007895
   6300000      2.548394     -2.891191
   6400000      2.493526     -2.968378
   6500000      2.430468     -3.002557
   6600000      2.357680     -2.982832
   6700000      2.298170     -3.022116
   6800000      2.218525     -3.025487
   6900000      2.137827     -3.002187
   7000000      2.080070     -3.091335
   7100000      1.997849     -3.100811
   7200000      2.006986     -3.266387
   7300000      1.849044     -3.178009
   7400000      1.771439     -3.151969
   7500000      1.715020     -3.131157
   7600000      1.681053     -3.291197
   7700000      1.557136     -3.141521
   7800000      1.499433     -3.196975
   7900000      1.422294     -3.248590
   8000000      1.357235     -3.342534
   8100000      1.288580     -3.367361
   8200000      1.194951     -3.336040
   8300000      1.107389     -3.304094
   8400000      1.058075     -3.430956
   8500000      1.005049     -3.522230
   8600000      0.945118     -3.557895
   8700000      0.858752     -3.525481
   8800000      0.809317     -3.584876
   8900000      0.733163     -3.573790
   9000000      0.681993     -3.580130
   9100000      0.634700     -3.699686
   9200000      0.585840     -3.751113
   9300000      0.468657     -3.580167
   9400000      0.387224     -3.372004
   9500000      0.321377     -3.447797
   9600000      0.225464     -3.431049
   9700000      0.139323     -3.528348
   9800000      0.067915     -3.541543
   9900000     -0.000003     -3.432821
  10000000     -0.069238     -3.399969
  10100000     -0.154131     -3.470940
  10200000     -0.211153     -3.483261
  10300000     -0.244663     -3.364301
  10400000     -0.327691     -3.464928
  10500000     -0.399844     -3.440051
  10600000     -0.449938     -3.448794
  10700000     -0.518957     -3.373793
  10800000     -0.598312     -3.453514
  10900000     -0.665452     -3.534904
  11000000     -0.701690     -3.244226
  11100000     -0.765686     -3.233109
  11200000     -0.830256     -3.236770
  11300000     -0.940110     -3.313034
  11400000     -0.962729     -3.222464
  11500000     -0.984876     -3.177213
  11600000     -1.116556     -3.232766
  11700000     -1.180522     -3.229292
  11800000     -1.308549     -3.278696
  11900000     -1.401725     -3.303782
  12000000     -1.475741     -3.335268
  12100000     -1.552313     -3.336241
  12200000     -1.571330     -3.219002
  12300000     -1.583150     -3.107899
  12400000     -1.733663     -3.247101
  12500000     -1.818375     -3.348454
  12600000     -1.888421     -3.298558
  12700000     -1.931176     -3.455675
  12800000     -1.990371     -3.435031
  12900000     -2.072928     -3.386876
  13000000     -2.136420     -3.411773
  13100000     -2.213665     -3.434440
  13200000     -2.270990     -3.411576
  13300000     -2.334897     -3.466041
  13400000     -2.416093     -3.497939
  13500000     -2.479593     -3.511825
  13600000     -2.524014     -3.582416
  13700000     -2.630169     -3.537977
  13800000     -2.684241     -3.562486
  13900000     -2.750768     -3.645694
  14000000     -2.821241     -3.653241
  14100000     -2.931752     -3.467596
  14200000     -2.986919     -3.570020
  14300000     -3.066591     -3.532682
  14400000     -3.135466     -3.507535
  14500000     -3.201156     -3.567133
  14600000     -3.263446     -3.568177
  14700000     -3.325803     -3.405261
  14800000     -3.382000     -3.385489
  14900000     -3.432808     -3.393004
  15000000     -3.497995     -3.310427
  15100000     -3.544840     -3.277827
  15200000     -3.691105     -3.475118
  15300000     -3.742273     -3.425339
  15400000     -3.797259     -3.361269
  15500000     -3.874095     -3.382767
  15600000     -3.890520     -3.254544
  15700000     -3.920810     -3.163344
  15800000     -3.959808     -3.114482
  15900000     -4.139846     -3.258140
  16000000     -4.176469     -3.201815
  16100000     -4.236132     -3.175787
  16200000     -4.168780     -3.009597
  16300000     -4.184744     -2.944233
  16400000     -4.235494     -2.909190
  16500000     -4.135659     -2.767693
  16600000     -4.486269     -2.913699
  16700000     -4.650954     -3.018989
  16800000     -4.701005     -2.900259
  16900000     -4.779097     -2.943216
  17000000     -4.869646     -2.969154
  17100000     -4.984329     -2.982986
  17200000     -5.060586     -2.968844
  17300000     -5.141201     -3.008496
  17400000     -5.227807     -3.046411
  17500000     -5.306867     -3.177256
  17600000     -5.389126     -2.987330
  17700000     -5.477240     -2.990976
  17800000     -5.541108     -2.979039
  17900000     -5.582507     -3.044594
  18000000     -5.648626     -3.067393
  18100000     -5.723383     -3.046428
  18200000     -5.770033     -3.099427
  18300000     -5.859357     -3.014246
  18400000     -5.918643     -3.045212
  18500000     -5.990673     -3.163684
  18600000     -6.057303     -3.164869
  18700000     -6.124100     -3.109739
  18800000     -6.187196     -3.130968
  18900000     -6.248157     -3.178854
  19000000     -6.305926     -3.172524
  19100000     -6.368668     -3.211717
  19200000     -6.453715     -3.251881
  19300000     -6.526875     -3.188267
  19400000     -6.592202     -3.145022
  19500000     -6.701296     -3.225632
  19600000     -6.734630     -3.442968
  19700000     -6.787941     -3.436801
  19800000     -6.907788     -3.351005
  19900000     -6.978028     -3.299199
  20000000     -7.054443     -3.315099
  20100000     -7.124085     -3.297447
  20200000     -7.205229     -3.220077
  20300000     -7.276662     -3.243476
  20400000     -7.351336     -3.170023
  20500000     -7.438868     -3.240114
  20600000     -7.507966     -3.166789
  20700000     -7.575482     -3.221103
  20800000     -7.645959     -3.176020
  20900000     -7.709824     -3.322853
  21000000     -7.773957     -3.209835
  21100000     -7.814834     -3.373995
  21200000     -7.903800     -3.357673
  21300000     -7.959615     -3.369757
  21400000     -8.063021     -3.387944
  21500000     -8.147182     -3.315034
  21600000     -8.211933     -3.380746
  21700000     -8.299051     -3.213742
  21800000     -8.360029     -3.367024
  21900000     -8.433405     -3.352131
  22000000     -8.511811     -3.319345
  22100000     -8.574655     -3.408003
  22200000     -8.623433     -3.363634
  22300000     -8.699014     -3.455639
  22400000     -8.759173     -3.557093
  22500000     -8.797285     -3.637603
  22600000     -8.902342     -3.634050
  22700000     -8.972611     -3.652111
  22800000     -9.059492     -3.576126
  22900000     -9.128087     -3.596052
  23000000     -9.203598     -3.633110
  23100000     -9.289006     -3.571892
  23200000     -9.348803     -3.470168
  23300000     -9.443180     -3.577259
  23400000     -9.472098     -3.427253
  23500000     -9.535158     -3.407466
  23600000     -9.651437     -3.425599
  23700000     -9.737140     -3.467821
  23800000     -9.785195     -3.393818
  23900000     -9.855710     -3.398726
  24000000     -9.916662     -3.346338
  24100000     -9.943577     -3.287603
  24200000    -10.067184     -3.431170
  24300000    -10.121199     -3.397890
  24400000    -10.215387     -3.428504
  24500000    -10.299650     -3.492453
  24600000    -10.368601     -3.512538
  24700000    -10.429043     -3.499241
  24800000    -10.494099     -3.493625
  24900000    -10.559208     -3.428008
  25000000    -10.623495     -3.489146
  25100000    -10.670796     -3.549694
  25200000    -10.732279     -3.557509
  25300000    -10.808756     -3.500234
  25400000    -10.842058     -3.611267
  25500000    -10.948324     -3.558146
  25600000    -11.017284     -3.573729
  25700000    -11.092374     -3.563238
  25800000    -11.186044     -3.568253
  25900000    -11.240925     -3.624884
  26000000    -11.313630     -3.503962
  26100000    -11.317500     -3.709145
  26200000    -11.383262     -3.770914
  26300000    -11.466454     -3.820452
  26400000    -11.545142     -3.806496
  26500000    -11.552423     -3.991406
  26600000    -11.664838     -3.944247
  26700000    -11.823206     -3.732795
  26800000    -11.909477     -3.760689
  26900000    -11.970691     -3.767198
  27000000    -11.959467     -4.103794
  27100000    -12.014845     -4.149582
  27200000    -12.090119     -4.170201
  27300000    -12.172675     -4.177929
  27400000    -12.256830     -4.202875
  27500000    -12.302505     -4.231196
  27600000    -12.336318     -4.280445
  27700000    -12.399433     -4.323261
  27800000    -12.584490     -4.161640
  27900000    -12.579411     -4.297479
  28000000    -12.678767     -4.205123
  28100000    -12.642750     -4.443944
  28200000    -12.680997     -4.496136
  28300000    -12.735260     -4.561089
  28400000    -12.813009     -4.600712
  28500000    -12.865550     -4.633438
  28600000    -12.845632     -4.758700
  28700000    -12.890316     -4.791448
  28800000    -12.925608     -4.839476
  28900000    -12.955458     -4.901985
  29000000    -13.099959     -4.849264
  29100000    -13.131068     -4.888680
  29200000    -13.112818     -4.998186
  29300000    -13.250948     -4.966857
  29400000    -13.167858     -5.133088
  29500000    -13.296701     -5.079089
  29600000    -13.346129     -5.157393
  29700000    -13.421483     -5.123180
  29800000    -13.491021     -5.107057
  29900000    -13.518963     -5.215668
  30000000    -13.552586     -5.235837
  30100000    -13.644393     -5.222116
  30200000    -13.686387     -5.268118
  30300000    -13.776037     -5.185081
  30400000    -13.800860     -5.318651
  30500000    -13.869768     -5.337530
  30600000    -13.958854     -5.292827
  30700000    -14.015401     -5.453062
  30800000    -14.051200     -5.489827
  30900000    -14.226622     -5.393029
  31000000    -14.282118     -5.410511
  31100000    -14.388633     -5.382773
  31200000    -14.433300     -5.447015
  31300000    -14.502184     -5.491343
  31400000    -14.610848     -5.427237
  31500000    -14.606947     -5.590527
  31600000    -14.761561     -5.461545
  31700000    -14.863600     -5.369810
  31800000    -14.929709     -5.383673
  31900000    -14.969951     -5.592240
  32000000    -14.964997     -5.721206
  32100000    -15.070513     -5.692535
  32200000    -15.097996     -5.768624
  32300000    -15.093531     -5.909130
  32400000    -15.303584     -5.620512
  32500000    -15.377316     -5.645269
  32600000    -15.432646     -5.653694
  32700000    -15.469700     -5.774621
  32800000    -15.562026     -5.699852
  32900000    -15.636546     -5.695720
  33000000    -15.700745     -5.718526
  33100000    -15.772680     -5.700052
  33200000    -15.883912     -5.516474
  33300000    -15.941803     -5.477231
  33400000    -16.016790     -5.522676
  33500000    -16.083737     -5.515253
  33600000    -16.144777     -5.653036
  33700000    -16.199813     -5.660239
  33800000    -16.272384     -5.660573
  33900000    -16.361436     -5.633245
  34000000    -16.439944     -5.608290
  34100000    -16.500111     -5.617897
  34200000    -16.569372     -5.651280
  34300000    -16.612713     -5.779294
  34400000    -16.692989     -5.723735
  34500000    -16.730728     -5.800164
  34600000    -16.814072     -5.787361
  34700000    -16.859098     -5.851774
  34800000    -16.945051     -5.785724
  34900000    -16.971508     -5.880027
  35000000    -17.139165     -5.571300
  35100000    -17.232010     -5.548575
  35200000    -17.307139     -5.567844
  35300000    -17.362203     -5.664606
  35400000    -17.459122     -5.581390
  35500000    -17.511112     -5.637621
  35600000    -17.570685     -5.644672
  35700000    -17.628990     -5.610346
  35800000    -17.679992     -5.791747
  35900000    -17.793697     -5.704995
  36000000    -17.853490     -5.733207
  36100000    -17.941715     -5.654722
  36200000    -18.022717     -5.654305
  36300000    -18.072744     -5.587732
  36400000    -18.121117     -5.739349
  36500000    -18.176245     -5.742137
  36600000    -18.277268     -5.685746
  36700000    -18.342162     -5.656934
  36800000    -18.421847     -5.571445
  36900000    -18.481698     -5.598168
  37000000    -18.556595     -5.660280
  37100000    -18.618383     -5.609909
  37200000    -18.698476     -5.608303
  37300000    -18.763948     -5.635747
  37400000    -18.815358     -5.675063
  37500000    -18.876142     -5.675656
  37600000    -18.947759     -5.724526
  37700000    -18.965361     -5.820961
  37800000    -19.042387     -5.827075
  37900000    -19.075892     -5.874074
  38000000    -19.129484     -5.900319
  38100000    -19.254603     -5.882945
  38200000    -19.333380     -5.853146
  38300000    -19.421012     -5.850571
  38400000    -19.490315     -5.802177
  38500000    -19.568494     -5.707337
  38600000    -19.642795     -5.780858
  38700000    -19.736067     -5.782862
  38800000    -19.811471     -5.770498
  38900000    -19.897617     -5.790862
  39000000    -19.947107     -5.860570
  39100000    -20.028220     -5.881938
  39200000    -20.116149     -5.878415
  39300000    -20.175033     -5.945546
  39400000    -20.245221     -5.963811
  39500000    -20.316097     -5.945625
  39600000    -20.351624     -6.046554
  39700000    -20.452444     -5.995725
  39800000    -20.481249     -6.092337
  39900000    -20.506978     -6.155159
  40000000    -20.674638     -6.046378
  40100000    -20.752728     -6.021580
  40200000    -20.847139     -5.993214
  40300000    -20.938071     -5.949076
  40400000    -21.003743     -5.988035
  40500000    -21.079858     -6.050303
  40600000    -21.143530     -6.024650
  40700000    -21.215858     -6.022221
  40800000    -21.257272     -6.157562
  40900000    -21.287228     -6.282148
  41000000    -21.419865     -6.122818
  41100000    -21.493322     -6.050002
  41200000    -21.543633     -5.961560
  41300000    -21.604821     -5.843591
  41400000    -21.691982     -5.866623
  41500000    -21.793789     -6.058640
  41600000    -21.869914     -6.132990
  41700000    -21.923104     -6.158583
  41800000    -21.983742     -6.263562
  41900000    -22.044080     -6.315846
  42000000    -22.073789     -6.333292
  42100000    -22.196222     -6.134957
  42200000    -22.289280     -6.085131
  42300000    -22.334561     -6.017768
  42400000    -22.421350     -6.003819
  42500000    -22.487232     -5.991543
  42600000    -22.509964     -5.839184
  42700000    -22.548972     -5.772353
  42800000    -22.587089     -5.729640
  42900000    -22.774061     -6.022402
  43000000    -22.852583     -5.997530
  43100000    -22.919210     -5.908197
  43200000    -22.989787     -5.873972
  43300000    -23.062351     -5.920026
  43400000    -23.097887     -5.716127
  43500000    -23.201539     -5.747044
  43600000    -23.285970     -5.785860
  43700000    -23.377229     -5.880322
  43800000    -23.436120     -5.926144
  43900000    -23.491105     -5.957644
  44000000    -23.559519     -5.978746
  44100000    -23.644810     -5.808420
  44200000    -23.703847     -5.727931
  44300000    -23.762724     -5.679497
  44400000    -23.857479     -5.703373
  44500000    -23.932279     -5.703025
  44600000    -24.014236     -5.684512
  44700000    -24.059393     -5.600590
  44800000    -24.102527     -5.553561
  44900000    -24.208163     -5.633898
  45000000    -24.273247     -5.639492
  45100000    -24.339816     -5.620925
  45200000    -24.415161     -5.633459
  45300000    -24.458147     -5.542568
  45400000    -24.548888     -5.618756
  45500000    -24.603157     -5.526271
  45600000    -24.646639     -5.451169
  45700000    -24.754740     -5.511636
  45800000    -24.819497     -5.495919
  45900000    -24.889807     -5.397666
  46000000    -24.970199     -5.485552
  46100000    -25.054378     -5.485343
  46200000    -25.060424     -5.311057
  46300000    -25.176263     -5.415528
  46400000    -25.254093     -5.458782
  46500000    -25.318263     -5.505364
  46600000    -25.391700     -5.518036
  46700000    -25.446534     -5.572375
  46800000    -25.511372     -5.607284
  46900000    -25.616101     -5.439452
  47000000    -25.720340     -5.446098
  47100000    -25.801247     -5.521849
  47200000    -25.900652     -5.565937
  47300000    -25.962959     -5.529166
  47400000    -26.028482     -5.577400
  47500000    -26.119002     -5.470231
  47600000    -26.187457     -5.464854
  47700000    -26.272473     -5.450111
  47800000    -26.304679     -5.318081
  47900000    -26.336109     -5.275836
  48000000    -26.449574     -5.355388
  48100000    -26.431086     -5.151859
  48200000    -26.494706     -5.139252
  48300000    -26.597936     -5.155447
  48400000    -26.585711     -5.020111
  48500000    -26.560053     -4.935825
  48600000    -26.623047     -4.881612
  48700000    -26.626547     -4.806987
  48800000    -26.720540     -4.766695
  48900000    -26.851628     -4.798455
  49000000    -26.817857     -4.668805
  49100000    -26.803729     -4.586130
  49200000    -26.889469     -4.554046
  49300000    -26.986480     -4.532237
  49400000    -27.115669     -4.562974
  49500000    -27.254974     -4.598623
  49600000    -27.403563     -4.704933
  49700000    -27.431044     -4.569590
  49800000    -27.486683     -4.551026
  49900000    -27.526591     -4.482961
  50000000    -27.618821     -4.517500
