         0      3.000000      0.000000
    100000      3.026214     -0.069927
    200000      2.961471     -0.427564
    300000      3.143362     -0.244285
    400000      3.190583     -0.320075
    500000      3.236592     -0.370964
    600000      3.287930     -0.411077
    700000      3.345766     -0.425659
    800000      3.444676     -0.416707
    900000      3.498851     -0.440882
   1000000      3.527874     -0.533467
   1100000      3.600840     -0.532163
   1200000      3.659223     -0.537617
   1300000      3.687791     -0.586711
   1400000      3.754766     -0.600026
   1500000      3.727622     -0.705644
   1600000      3.880162     -0.580880
   1700000      3.893922     -0.656428
   1800000      3.932067     -0.748068
   1900000      4.042483     -0.709692
   2000000      4.063332     -0.782686
   2100000      4.143477     -0.756498
   2200000      4.053202     -0.963028
   2300000      4.101389     -1.005852
   2400000      4.104667     -1.076128
   2500000      4.132708     -1.119891
   2600000      4.290811     -1.066498
   2700000      4.168493     -1.248360
   2800000      4.165630     -1.314709
   2900000      4.246053     -1.337082
   3000000      4.315615     -1.363189
   3100000      4.435962     -1.342093
   3200000      4.036707     -1.554635
   3300000      4.116197     -1.614377
   3400000      4.123545     -1.721346
   3500000      4.159779     -1.787258
   3600000      4.254430     -1.797998
   3700000      4.103065     -1.946239
   3800000      4.016274     -1.995666
   3900000      4.101733     -2.090547
   4000000      4.034382     -2.136472
   4100000      3.786152     -2.119062
   4200000      3.636638     -2.083432
   4300000      3.851465     -2.321099
   4400000      3.873744     -2.409279
   4500000      3.681979     -2.422243
   4600000      3.685823     -2.514691
   4700000      3.758382     -2.609246
   4800000      3.737964     -2.664758
   4900000      3.515558     -2.630429
   5000000      3.464066     -2.650148
   5100000      3.544113     -2.878364
   5200000      3.410769     -2.842337
   5300000      3.281254     -2.825084
   5400000      3.168053     -2.749413
   5500000      3.128290     -2.803295
   5600000      3.031975     -2.643939
   5700000      2.946990     -2.711541
   5800000      2.887839     -2.721086
   5900000      2.806384     -2.624827
   6000000      2.775514     -2.590906
   6100000      2.687834     -2.742732
   6200000      2.627995     -2.716027
   6300000      2.575394     -2.759524
   6400000      2.504460     -2.665638
   6500000      2.449353     -2.775736
   6600000      2.367141     -2.672382
   6700000      2.270847     -2.616637
   6800000      2.208927     -2.566012
   6900000      2.124826     -2.639393
   7000000      2.084226     -2.529135
   7100000      1.987690     -2.750082
   7200000      1.917459     -2.727150
   7300000      1.852655     -2.722079
   7400000      1.806653     -2.759270
   7500000      1.729073     -2.678608
   7600000      1.687772     -2.741701
   7700000      1.617186     -2.781854
   7800000      1.551250     -2.760844
   7900000      1.479699     -2.773205
   8000000      1.395549     -2.751283
   8100000      1.344857     -2.840502
   8200000      1.295583     -2.832228
   8300000      1.219084     -2.833168
   8400000      1.144372     -2.853791
   8500000      1.075524     -2.891586
   8600000      1.064175     -3.006684
   8700000      1.005555     -3.063533
   8800000      0.919909     -2.925733
   8900000      0.905816     -2.874398
   9000000      0.859478     -2.873794
   9100000      0.819502     -2.823279
   9200000      0.717035     -2.857400
   9300000      0.638982     -2.862969
   9400000      0.555579     -2.894260
   9500000      0.540441     -2.824962
   9600000      0.478978     -2.788877
   9700000      0.356987     -2.922774
   9800000      0.271716     -2.884219
   9900000      0.211666     -2.945862
  10000000      0.131016     -2.851023
  10100000      0.079723     -2.801734
  10200000     -0.019928     -2.868958
  10300000     -0.079559     -2.781389
  10400000     -0.138759     -2.724661
  10500000     -0.231288     -2.828747
  10600000     -0.287650     -2.706294
  10700000     -0.374114     -2.900317
  10800000     -0.437312     -2.792449
  10900000     -0.494612     -2.771179
  11000000     -0.572587     -2.843303
  11100000     -0.645896     -2.681547
  11200000     -0.743053     -2.753575
  11300000     -0.795153     -2.800933
  11400000     -0.900513     -2.754812
  11500000     -0.953499     -2.777969
  11600000     -1.021789     -2.698490
  11700000     -1.105129     -2.869771
  11800000     -1.186316     -2.929126
  11900000     -1.254139     -2.967255
  12000000     -1.317594     -3.006197
  12100000     -1.386601     -2.969479
  12200000     -1.465942     -2.947091
  12300000     -1.533227     -2.847399
  12400000     -1.606830     -2.846021
  12500000     -1.675273     -3.070982
  12600000     -1.753687     -2.982518
  12700000     -1.818777     -3.009374
  12800000     -1.860931     -3.165048
  12900000     -1.940524     -3.120023
  13000000     -1.993249     -3.174944
  13100000     -2.030347     -3.227144
  13200000     -2.135382     -2.928543
  13300000     -2.202241     -3.205709
  13400000     -2.220437     -3.265532
  13500000     -2.387594     -3.084074
  13600000     -2.449377     -3.088508
  13700000     -2.467608     -3.174973
  13800000     -2.584809     -3.021279
  13900000     -2.636145     -3.072017
  14000000     -2.728742     -2.819313
  14100000     -2.802117     -2.951783
  14200000     -2.872835     -2.861079
  14300000     -2.916386     -2.975625
  14400000     -3.019498     -2.880513
  14500000     -3.083333     -2.820091
  14600000     -3.142300     -2.907032
  14700000     -3.195454     -2.915467
  14800000     -3.293378     -2.857045
  14900000     -3.338749     -2.773550
  15000000     -3.445504     -2.830925
  15100000     -3.502320     -2.909335
  15200000     -3.594322     -2.871227
  15300000     -3.678144     -2.831274
  15400000     -3.714491     -2.981122
  15500000     -3.798863     -2.977886
  15600000     -3.888922     -2.827619
  15700000     -3.940164     -2.794553
  15800000     -4.005470     -2.899961
  15900000     -4.079983     -2.898668
  16000000     -4.160133     -2.814607
  16100000     -4.208093     -2.985803
  16200000     -4.322403     -2.767255
  16300000     -4.357090     -2.699368
  16400000     -4.444549     -2.725517
  16500000     -4.516512     -2.804488
  16600000     -4.602300     -2.807419
  16700000     -4.667591     -2.882449
  16800000     -4.745531     -2.945006
  16900000     -4.809086     -3.026550
  17000000     -4.909831     -2.962934
  17100000     -4.982742     -3.078166
  17200000     -5.065761     -3.028054
  17300000     -5.103538     -3.201815
  17400000     -5.198648     -3.144719
  17500000     -5.260711     -3.044497
  17600000     -5.360910     -3.080102
  17700000     -5.390714     -3.179494
  17800000     -5.394769     -3.311722
  17900000     -5.483627     -3.307170
  18000000     -5.532752     -3.394079
  18100000     -5.596378     -3.444973
  18200000     -5.643646     -3.474892
  18300000     -5.686851     -3.519498
  18400000     -5.743238     -3.512099
  18500000     -5.742648     -3.659832
  18600000     -5.733559     -3.831121
  18700000     -5.689477     -3.956463
  18800000     -5.745575     -4.021595
  18900000     -5.851690     -4.035837
  19000000     -5.782996     -4.171170
  19100000     -5.781845     -4.245355
  19200000     -5.787551     -4.295371
  19300000     -5.797162     -4.343511
  19400000     -5.927550     -4.349254
  19500000     -6.233928     -4.153530
  19600000     -6.251908     -4.361937
  19700000     -6.313997     -4.379862
  19800000     -6.336860     -4.469528
  19900000     -6.315512     -4.558784
  20000000     -6.497275     -4.495952
  20100000     -6.527142     -4.560159
  20200000     -6.665658     -4.512869
  20300000     -6.809651     -4.358365
  20400000     -6.880781     -4.328397
  20500000     -6.936925     -4.283308
  20600000     -6.987739     -4.233557
  20700000     -7.082462     -4.317067
  20800000     -7.129040     -4.253338
  20900000     -7.209256     -4.359648
  21000000     -7.280288     -4.317299
  21100000     -7.367049     -4.458639
  21200000     -7.428922     -4.365896
  21300000     -7.503755     -4.482858
  21400000     -7.580793     -4.502227
  21500000     -7.645883     -4.416350
  21600000     -7.718204     -4.453939
  21700000     -7.803515     -4.565925
  21800000     -7.813740     -4.710029
  21900000     -7.801121     -4.853025
  22000000     -7.880840     -4.881286
  22100000     -7.957926     -4.900918
  22200000     -7.977441     -4.966425
  22300000     -8.112624     -4.917108
  22400000     -8.206071     -4.901028
  22500000     -8.261368     -4.886777
  22600000     -8.349998     -4.860428
  22700000     -8.329344     -5.073881
  22800000     -8.382905     -5.108237
  22900000     -8.416597     -5.186203
  23000000     -8.497992     -5.166614
  23100000     -8.591171     -5.090627
  23200000     -8.652153     -5.042514
  23300000     -8.682903     -5.294691
  23400000     -8.699420     -5.403434
  23500000     -8.751206     -5.454395
  23600000     -8.837687     -5.437490
  23700000     -8.859856     -5.509246
  23800000     -8.998581     -5.467763
  23900000     -9.053962     -5.498570
  24000000     -9.057351     -5.593198
  24100000     -9.160992     -5.588976
  24200000     -9.305563     -5.460623
  24300000     -9.386145     -5.377287
  24400000     -9.414280     -5.319209
  24500000     -9.463616     -5.246379
  24600000     -9.589123     -5.423629
  24700000     -9.666884     -5.423366
  24800000     -9.750414     -5.404236
  24900000     -9.817553     -5.371241
  25000000     -9.904530     -5.358560
  25100000     -9.981461     -5.412542
  25200000    -10.057938     -5.295720
  25300000    -10.137404     -5.397457
  25400000    -10.209452     -5.418636
  25500000    -10.276342     -5.368900
  25600000    -10.342855     -5.364373
  25700000    -10.414368     -5.398719
  25800000    -10.484939     -5.316156
  25900000    -10.557601     -5.332954
  26000000    -10.611155     -5.216378
  26100000    -10.699127     -5.253168
  26200000    -10.740609     -5.185455
  26300000    -10.728574     -5.090425
  26400000    -10.858447     -5.168392
  26500000    -10.895479     -5.104390
  26600000    -10.959240     -5.044799
  26700000    -11.049912     -5.117007
  26800000    -11.106615     -5.056423
  26900000    -11.177943     -5.331760
  27000000    -11.236851     -5.321036
  27100000    -11.293507     -5.395953
  27200000    -11.369340     -5.363622
  27300000    -11.456538     -5.347007
  27400000    -11.514270     -5.385030
  27500000    -11.590939     -5.425646
  27600000    -11.671979     -5.397440
  27700000    -11.737965     -5.407687
  27800000    -11.827308     -5.392138
  27900000    -11.847593     -5.568879
  28000000    -11.958557     -5.570740
  28100000    -12.091124     -5.383522
  28200000    -12.143936     -5.423854
  28300000    -12.210244     -5.440613
  28400000    -12.268955     -5.356478
  28500000    -12.314297     -5.580793
  28600000    -12.393166     -5.601802
  28700000    -12.411016     -5.704594
  28800000    -12.489548     -5.708447
  28900000    -12.579793     -5.613904
  29000000    -12.634264     -5.611478
  29100000    -12.721779     -5.712208
  29200000    -12.829595     -5.670086
  29300000    -12.903073     -5.706364
  29400000    -12.921771     -5.837392
  29500000    -12.982909     -5.848548
  29600000    -13.078396     -5.827051
  29700000    -13.132537     -5.907772
  29800000    -13.185252     -5.887388
  29900000    -13.256565     -5.969229
  30000000    -13.306341     -6.040371
  30100000    -13.415874     -5.894367
  30200000    -13.392834     -6.183349
  30300000    -13.496186     -6.173805
  30400000    -13.537929     -6.232022
  30500000    -13.600376     -6.251273
  30600000    -13.710739     -6.237703
  30700000    -13.809941     -6.192179
  30800000    -13.887943     -6.139049
  30900000    -13.939632     -6.144330
  31000000    -13.982467     -6.280973
  31100000    -14.102478     -6.098425
  31200000    -14.173717     -6.277211
  31300000    -14.282219     -6.084988
  31400000    -14.356807     -6.119209
  31500000    -14.434526     -6.230285
  31600000    -14.503526     -6.215882
  31700000    -14.566571     -6.166865
  31800000    -14.646176     -6.298125
  31900000    -14.681153     -6.356135
  32000000    -14.784816     -6.220404
  32100000    -14.870045     -6.223352
  32200000    -14.917259     -6.342452
  32300000    -15.010774     -6.215141
  32400000    -15.080921     -6.182706
  32500000    -15.148944     -6.186632
  32600000    -15.232948     -6.191533
  32700000    -15.289651     -6.278244
  32800000    -15.355652     -6.267142
  32900000    -15.427405     -6.254771
  33000000    -15.500637     -6.250836
  33100000    -15.564589     -6.308231
  33200000    -15.629378     -6.101554
  33300000    -15.655230     -6.075232
  33400000    -15.755353     -6.148845
  33500000    -15.795542     -6.110840
  33600000    -15.871673     -6.243588
  33700000    -15.969189     -6.106808
  33800000    -16.016168     -6.059722
  33900000    -16.121910     -6.138790
  34000000    -16.203481     -6.145396
  34100000    -16.262888     -6.170413
  34200000    -16.325695     -6.175316
  34300000    -16.441398     -6.111503
  34400000    -16.491566     -5.995244
  34500000    -16.503580     -5.886962
  34600000    -16.574108     -5.921432
  34700000    -16.716393     -6.249537
  34800000    -16.756296     -6.272610
  34900000    -16.847771     -6.190056
  35000000    -16.898167     -6.055507
  35100000    -16.966781     -6.066356
  35200000    -17.030074     -6.076040
  35300000    -17.120137     -6.256572
  35400000    -17.186558     -6.386217
  35500000    -17.252449     -6.317271
  35600000    -17.331338     -6.280211
  35700000    -17.395812     -6.311798
  35800000    -17.439738     -6.458065
  35900000    -17.554943     -6.335330
  36000000    -17.618600     -6.394887
  36100000    -17.688957     -6.324404
  36200000    -17.771406     -6.228629
  36300000    -17.836940     -6.273275
  36400000    -17.887487     -6.339691
  36500000    -17.988453     -6.259652
  36600000    -18.029813     -6.191933
  36700000    -18.114534     -6.244043
  36800000    -18.127842     -6.057852
  36900000    -18.199007     -6.063966
  37000000    -18.283989     -6.089320
  37100000    -18.349783     -6.110312
  37200000    -18.459176     -6.215827
  37300000    -18.545197     -6.232709
  37400000    -18.632043     -6.273887
  37500000    -18.706475     -6.308497
  37600000    -18.776583     -6.378312
  37700000    -18.853024     -6.376332
  37800000    -18.892223     -6.227813
  37900000    -18.966822     -6.311233
  38000000    -18.993197     -6.166392
  38100000    -19.057238     -6.121081
  38200000    -19.099642     -6.083052
  38300000    -19.134682     -5.985458
  38400000    -19.198241     -6.038756
  38500000    -19.241126     -5.927361
  38600000    -19.310324     -5.914529
  38700000    -19.377751     -5.855867
  38800000    -19.412010     -5.776135
  38900000    -19.573146     -6.006706
  39000000    -19.608699     -6.105264
  39100000    -19.715815     -5.930648
  39200000    -19.781956     -5.868287
  39300000    -19.833747     -5.782841
  39400000    -19.936500     -5.857229
  39500000    -19.992860     -5.865642
  39600000    -20.050497     -5.853834
  39700000    -20.134754     -5.779552
  39800000    -20.202323     -5.808052
  39900000    -20.263056     -5.839961
  40000000    -20.330857     -5.778345
  40100000    -20.396975     -5.755328
  40200000    -20.460411     -5.672964
  40300000    -20.512139     -5.633393
  40400000    -20.650276     -5.869136
  40500000    -20.723737     -5.877932
  40600000    -20.789293     -5.960207
  40700000    -20.847486     -5.982101
  40800000    -20.913013     -6.010608
  40900000    -20.960910     -6.054483
  41000000    -21.067935     -5.890825
  41100000    -21.134730     -5.981899
  41200000    -21.211171     -5.970682
  41300000    -21.286516     -5.957537
  41400000    -21.342501     -5.878395
  41500000    -21.394574     -5.807755
  41600000    -21.477301     -5.998404
  41700000    -21.543317     -5.813101
  41800000    -21.591126     -5.711652
  41900000    -21.715583     -5.873393
  42000000    -21.780119     -5.809750
  42100000    -21.856267     -5.818857
  42200000    -21.920928     -5.726341
  42300000    -21.990775     -5.678404
  42400000    -22.082833     -5.675686
  42500000    -22.076971     -6.029052
  42600000    -22.199839     -5.995341
  42700000    -22.318248     -5.931263
  42800000    -22.379039     -5.952410
  42900000    -22.373001     -6.141583
  43000000    -22.466144     -6.082274
  43100000    -22.521386     -6.176251
  43200000    -22.565885     -6.222897
  43300000    -22.630020     -6.246264
  43400000    -22.732490     -6.210002
  43500000    -22.727109     -6.341779
  43600000    -22.865529     -6.241945
  43700000    -22.940150     -6.266240
  43800000    -23.035813     -6.267991
  43900000    -23.121761     -6.179273
  44000000    -23.188118     -6.220223
  44100000    -23.266023     -6.139448
  44200000    -23.321368     -5.977641
  44300000    -23.296554     -5.821863
  44400000    -23.349181     -5.786516
  44500000    -23.337897     -5.709953
  44600000    -23.384714     -5.666287
  44700000    -23.447522     -5.629960
  44800000    -23.582114     -5.677082
  44900000    -23.646498     -5.656162
  45000000    -23.718797     -5.620794
  45100000    -23.743268     -5.559609
  45200000    -24.021829     -5.951029
  45300000    -24.107596     -5.984589
  45400000    -24.183200     -5.952286
  45500000    -24.260913     -6.009851
  45600000    -24.331303     -6.099120
  45700000    -24.392245     -6.130364
  45800000    -24.428658     -6.212041
  45900000    -24.466169     -6.257419
  46000000    -24.598348     -5.725976
  46100000    -24.665132     -5.768229
  46200000    -24.709821     -5.763526
  46300000    -24.781806     -5.659706
  46400000    -24.805220     -5.565770
  46500000    -24.795655     -5.370817
  46600000    -24.845636     -5.328584
  46700000    -24.822504     -5.194556
  46800000    -24.912299     -5.200647
  46900000    -25.053752     -5.298732
  47000000    -25.094570     -5.224104
  47100000    -25.229190     -5.323224
  47200000    -25.267594     -5.253785
  47300000    -25.351453     -5.231592
  47400000    -25.410918     -5.199473
  47500000    -25.391989     -5.076624
  47600000    -25.572104     -5.181898
  47700000    -25.661077     -5.188792
  47800000    -25.707967     -5.165593
  47900000    -25.749252     -5.089903
  48000000    -25.835030     -5.116101
  48100000    -25.784707     -4.991668
  48200000    -25.929301     -5.015192
  48300000    -25.954934     -4.944732
  48400000    -26.216498     -5.500318
  48500000    -26.273178     -5.275507
  48600000    -26.331394     -5.248714
  48700000    -26.412033     -5.298429
  48800000    -26.501864     -5.495703
  48900000    -26.569105     -5.387813
  49000000    -26.627991     -5.616344
  49100000    -26.721016     -5.319536
  49200000    -26.782464     -5.300268
  49300000    -26.855514     -5.222494
  49400000    -26.940652     -5.300177
  49500000    -27.004558     -5.198873
  49600000    -27.058193     -5.180540
  49700000    -27.151613     -5.403868
  49800000    -27.225859     -5.222854
  49900000    -27.296260     -5.302638
  50000000    -27.356725     -5.349776
