         0      3.000000      0.000000
    100000      3.031496      0.000104
    200000      3.080155     -0.129014
    300000      3.142057     -0.121621
    400000      3.192232     -0.190741
    500000      3.241786     -0.250589
    600000      3.324321     -0.244575
    700000      3.374308     -0.271342
    800000      3.456106     -0.313333
    900000      3.494501     -0.401882
   1000000      3.549160     -0.421042
   1100000      3.574736     -0.471379
   1200000      3.606032     -0.514718
   1300000      3.702838     -0.470321
   1400000      3.750806     -0.530075
   1500000      3.817360     -0.550261
   1600000      3.786098     -0.681513
   1700000      3.789897     -0.780393
   1800000      3.694222     -0.891577
   1900000      3.730615     -0.939014
   2000000      3.683267     -1.035407
   2100000      3.830122     -1.052116
   2200000      3.647052     -1.198291
   2300000      3.631924     -1.256816
   2400000      3.496695     -1.308251
   2500000      3.366213     -1.362075
   2600000      3.478705     -1.458216
   2700000      3.435141     -1.515913
   2800000      3.484704     -1.590358
   2900000      3.224282     -1.613547
   3000000      3.088569     -1.646979
   3100000      3.091268     -1.719896
   3200000      3.057922     -1.780333
   3300000      2.901674     -1.725050
   3400000      2.822510     -1.717297
   3500000      2.843433     -1.856332
   3600000      2.811129     -1.918417
   3700000      2.803374     -2.035561
   3800000      2.770215     -2.145068
   3900000      2.728550     -2.197311
   4000000      2.611365     -2.177120
   4100000      2.591955     -2.276996
   4200000      2.556142     -2.328843
   4300000      2.562748     -2.418252
   4400000      2.415563     -2.379549
   4500000      2.279422     -2.327414
   4600000      2.186616     -2.328755
   4700000      2.091876     -2.266107
   4800000      2.073384     -2.411692
   4900000      1.997142     -2.390174
   5000000      2.001921     -2.589186
   5100000      1.912190     -2.574589
   5200000      1.888807     -2.621427
   5300000      1.869190     -2.696071
   5400000      1.867392     -2.816311
   5500000      1.800261     -2.838233
   5600000      1.770901     -2.920535
   5700000      1.657502     -2.879327
   5800000      1.558156     -2.876033
   5900000      1.482858     -2.882483
   6000000      1.365385     -2.800416
   6100000      1.335385     -2.972067
   6200000      1.286184     -3.025687
   6300000      1.246369     -3.054104
   6400000      1.226502     -3.145410
   6500000      1.133920     -3.104187
   6600000      0.988205     -3.029704
   6700000      0.946684     -3.114756
   6800000      0.879029     -3.104088
   6900000      0.824481     -3.150152
   7000000      0.781062     -3.212099
   7100000      0.727071     -3.259233
   7200000      0.665884     -3.269993
   7300000      0.615099     -3.316249
   7400000      0.524101     -3.217160
   7500000      0.619613     -3.579895
   7600000      0.509769     -3.573666
   7700000      0.439065     -3.616337
   7800000      0.436193     -3.726957
   7900000      0.343288     -3.716542
   8000000      0.256492     -3.723769
   8100000      0.253237     -3.826261
   8200000      0.306203     -3.943294
   8300000      0.271482     -4.004619
   8400000      0.189439     -4.015501
   8500000      0.013479     -3.982294
   8600000      0.057933     -4.109139
   8700000     -0.021588     -4.132339
   8800000     -0.011437     -4.221439
   8900000     -0.122255     -4.183711
   9000000      0.034579     -4.380196
   9100000      0.029368     -4.447548
   9200000      0.116414     -4.532430
   9300000      0.214469     -4.567562
   9400000      0.133170     -4.656244
   9500000      0.160239     -4.727440
   9600000      0.152599     -4.810177
   9700000      0.130175     -4.900028
   9800000      0.144480     -4.968198
   9900000      0.057652     -5.041316
  10000000     -0.148320     -5.089246
  10100000     -0.250149     -5.084708
  10200000     -0.300922     -5.149489
  10300000     -0.764174     -4.871562
  10400000     -0.820237     -4.886043
  10500000     -0.761989     -5.122744
  10600000     -0.799355     -5.199680
  10700000     -1.041114     -4.934847
  10800000     -1.108314     -4.891561
  10900000     -1.204328     -4.895940
  11000000     -1.281794     -4.882522
  11100000     -1.393279     -4.676446
  11200000     -1.455349     -4.509714
  11300000     -1.527453     -4.492321
  11400000     -1.572522     -4.426186
  11500000     -1.635740     -4.428662
  11600000     -1.710314     -4.436490
  11700000     -1.790429     -4.473406
  11800000     -1.875867     -4.507225
  11900000     -1.944800     -4.515467
  12000000     -2.002037     -4.424574
  12100000     -2.067333     -4.484675
  12200000     -2.123572     -4.387446
  12300000     -2.220381     -4.546638
  12400000     -2.241946     -4.250648
  12500000     -2.302334     -4.248280
  12600000     -2.370818     -4.177229
  12700000     -2.468727     -4.213511
  12800000     -2.520711     -4.188903
  12900000     -2.613215     -4.201496
  13000000     -2.665041     -4.155050
  13100000     -2.614153     -3.936736
  13200000     -2.651789     -3.893600
  13300000     -2.693584     -3.830711
  13400000     -2.680572     -3.722642
  13500000     -2.807439     -3.747655
  13600000     -2.862176     -3.703487
  13700000     -2.976236     -3.701823
  13800000     -3.026700     -3.633195
  13900000     -3.005154     -3.563677
  14000000     -3.232637     -3.736448
  14100000     -3.308846     -3.810249
  14200000     -3.360043     -3.752930
  14300000     -3.447584     -3.743439
  14400000     -3.511757     -3.689007
  14500000     -3.599023     -3.648817
  14600000     -3.693400     -3.704894
  14700000     -3.753440     -3.643845
  14800000     -3.800574     -3.593912
  14900000     -3.869893     -3.677161
  15000000     -3.938066     -3.631760
  15100000     -3.993495     -3.653474
  15200000     -4.059798     -3.731553
  15300000     -4.158139     -3.694179
  15400000     -4.215899     -3.740153
  15500000     -4.294956     -3.713022
  15600000     -4.362705     -3.778302
  15700000     -4.434830     -3.679849
  15800000     -4.462741     -3.398982
  15900000     -4.516024     -3.353535
  16000000     -4.619966     -3.455687
  16100000     -4.676071     -3.359165
  16200000     -4.810371     -3.491997
  16300000     -4.884210     -3.653024
  16400000     -4.958077     -3.583523
  16500000     -5.033748     -3.622076
  16600000     -5.111230     -3.759435
  16700000     -5.179958     -3.748984
  16800000     -5.250859     -3.800184
  16900000     -5.349919     -3.626692
  17000000     -5.419993     -3.627735
  17100000     -5.470005     -3.809585
  17200000     -5.516016     -3.858044
  17300000     -5.594225     -3.835822
  17400000     -5.662891     -3.889340
  17500000     -5.711794     -3.939533
  17600000     -5.784375     -3.985979
  17700000     -5.900592     -3.892456
  17800000     -5.964865     -3.876221
  17900000     -6.026333     -3.821053
  18000000     -6.073363     -3.746063
  18100000     -6.144619     -3.770652
  18200000     -6.212597     -3.924282
  18300000     -6.258935     -3.996143
  18400000     -6.326771     -3.827058
  18500000     -6.387467     -3.931839
  18600000     -6.462798     -4.020147
  18700000     -6.525854     -4.071321
  18800000     -6.567657     -4.141688
  18900000     -6.650433     -4.164360
  19000000     -6.692439     -4.199571
  19100000     -6.678931     -4.280670
  19200000     -6.709225     -4.320011
  19300000     -7.051638     -3.990589
  19400000     -7.105342     -4.071428
  19500000     -7.060410     -4.191263
  19600000     -7.292598     -4.037410
  19700000     -7.364458     -3.979409
  19800000     -7.329989     -4.267887
  19900000     -7.392981     -4.287258
  20000000     -7.468334     -4.258318
  20100000     -7.562686     -4.207296
  20200000     -7.679576     -4.121736
  20300000     -7.750605     -4.198340
  20400000     -7.825949     -4.182576
  20500000     -7.830970     -4.317133
  20600000     -7.972924     -4.262328
  20700000     -8.037717     -4.269814
  20800000     -8.111373     -4.208165
  20900000     -8.111790     -4.410368
  21000000     -8.178532     -4.417675
  21100000     -8.234464     -4.479529
  21200000     -8.309310     -4.479644
  21300000     -8.380586     -4.504102
  21400000     -8.492548     -4.436243
  21500000     -8.580044     -4.429807
  21600000     -8.638809     -4.423702
  21700000     -8.689392     -4.524653
  21800000     -8.762187     -4.449063
  21900000     -8.812770     -4.569484
  22000000     -8.912468     -4.468201
  22100000     -8.988333     -4.466638
  22200000     -9.053632     -4.477183
  22300000     -9.117907     -4.450426
  22400000     -9.179329     -4.459276
  22500000     -9.274108     -4.475451
  22600000     -9.356663     -4.652777
  22700000     -9.439283     -4.674863
  22800000     -9.491989     -4.560876
  22900000     -9.553308     -4.450126
  23000000     -9.635704     -4.513162
  23100000     -9.702380     -4.607634
  23200000     -9.748801     -4.444835
  23300000     -9.817456     -4.458128
  23400000     -9.877235     -4.382235
  23500000     -9.914285     -4.283233
  23600000     -9.964815     -4.235240
  23700000    -10.049294     -4.242971
  23800000    -10.124088     -4.251591
  23900000    -10.196088     -4.292102
  24000000    -10.252575     -4.234893
  24100000    -10.392778     -4.448110
  24200000    -10.465481     -4.446351
  24300000    -10.512162     -4.281889
  24400000    -10.582126     -4.224302
  24500000    -10.674597     -4.282773
  24600000    -10.743125     -4.268691
  24700000    -10.793654     -4.224518
  24800000    -10.892443     -4.372065
  24900000    -10.934905     -4.470550
  25000000    -11.009625     -4.429511
  25100000    -11.080133     -4.403090
  25200000    -11.148581     -4.377717
  25300000    -11.203748     -4.353204
  25400000    -11.293857     -4.467258
  25500000    -11.370784     -4.456656
  25600000    -11.432670     -4.446998
  25700000    -11.451716     -4.580996
  25800000    -11.525527     -4.606251
  25900000    -11.596896     -4.628868
  26000000    -11.641708     -4.685719
  26100000    -11.695146     -4.738167
  26200000    -11.798478     -4.733146
  26300000    -11.949213     -4.476084
  26400000    -11.998382     -4.433933
  26500000    -12.077628     -4.549333
  26600000    -12.152485     -4.534977
  26700000    -12.239028     -4.504566
  26800000    -12.306495     -4.525314
  26900000    -12.376078     -4.470389
  27000000    -12.470969     -4.488841
  27100000    -12.558134     -4.696960
  27200000    -12.632876     -4.635242
  27300000    -12.707874     -4.688196
  27400000    -12.781867     -4.694622
  27500000    -12.821058     -4.769259
  27600000    -12.874570     -4.806596
  27700000    -12.893653     -4.924507
  27800000    -12.941854     -4.973481
  27900000    -12.986508     -5.020934
  28000000    -13.075663     -4.991171
  28100000    -13.088472     -5.087752
  28200000    -13.185187     -5.063162
  28300000    -13.265161     -5.059414
  28400000    -13.359573     -5.010614
  28500000    -13.369893     -5.160550
  28600000    -13.381458     -5.242385
  28700000    -13.463497     -5.262877
  28800000    -13.562742     -5.261162
  28900000    -13.602695     -5.328186
  29000000    -13.598849     -5.433985
  29100000    -13.809747     -5.286013
  29200000    -13.852393     -5.362400
  29300000    -13.901481     -5.400035
  29400000    -14.020501     -5.235379
  29500000    -14.080464     -5.266447
  29600000    -14.097151     -5.104456
  29700000    -14.207765     -5.233642
  29800000    -14.243511     -5.490868
  29900000    -14.338650     -5.366369
  30000000    -14.401791     -5.359297
  30100000    -14.466778     -5.336547
  30200000    -14.547754     -5.335219
  30300000    -14.517131     -5.661179
  30400000    -14.526248     -5.762992
  30500000    -14.592171     -5.772951
  30600000    -14.682509     -5.764039
  30700000    -14.800471     -5.694861
  30800000    -14.861960     -5.703871
  30900000    -14.924614     -5.737140
  31000000    -15.027153     -5.545218
  31100000    -15.097710     -5.628022
  31200000    -15.125901     -5.764690
  31300000    -15.194233     -5.759458
  31400000    -15.245364     -5.794745
  31500000    -15.275834     -5.889317
  31600000    -15.291768     -5.977518
  31700000    -15.396358     -5.896835
  31800000    -15.445380     -6.000781
  31900000    -15.539652     -5.980180
  32000000    -15.626604     -5.981069
  32100000    -15.686888     -5.998168
  32200000    -15.727159     -6.108117
  32300000    -15.830265     -5.951331
  32400000    -15.899852     -6.023563
  32500000    -15.933274     -6.146215
  32600000    -16.011159     -6.140401
  32700000    -16.049716     -6.214771
  32800000    -16.135941     -6.223663
  32900000    -16.182388     -6.277334
  33000000    -16.178354     -6.401021
  33100000    -16.245342     -6.447508
  33200000    -16.356409     -6.399307
  33300000    -16.414142     -6.466334
  33400000    -16.481355     -6.438372
  33500000    -16.500055     -6.598961
  33600000    -16.591223     -6.524716
  33700000    -16.649056     -6.526211
  33800000    -16.656754     -6.690123
  33900000    -16.759113     -6.677668
  34000000    -16.827927     -6.655376
  34100000    -16.895877     -6.666760
  34200000    -16.977853     -6.586033
  34300000    -17.047148     -6.540166
  34400000    -17.123936     -6.537033
  34500000    -17.194301     -6.617600
  34600000    -17.267968     -6.720082
  34700000    -17.336939     -6.632517
  34800000    -17.426490     -6.673659
  34900000    -17.500541     -6.580953
  35000000    -17.555887     -6.552547
  35100000    -17.603291     -6.510239
  35200000    -17.681393     -6.553615
  35300000    -17.745972     -6.450408
  35400000    -17.816463     -6.407234
  35500000    -17.879029     -6.388493
  35600000    -17.963176     -6.428513
  35700000    -18.032319     -6.405209
  35800000    -18.099945     -6.286715
  35900000    -18.163232     -6.214143
  36000000    -18.243334     -6.288740
  36100000    -18.299035     -6.138431
  36200000    -18.375060     -6.144662
  36300000    -18.430748     -6.026027
  36400000    -18.458468     -5.934001
  36500000    -18.572976     -5.997993
  36600000    -18.599700     -5.906063
  36700000    -18.693105     -5.934310
  36800000    -18.799428     -5.945511
  36900000    -18.843233     -5.922192
  37000000    -18.944291     -5.953668
  37100000    -19.013799     -5.914359
  37200000    -19.083556     -6.036488
  37300000    -19.145304     -6.072909
  37400000    -19.235205     -6.000755
  37500000    -19.299898     -5.886860
  37600000    -19.373015     -6.045926
  37700000    -19.476257     -5.995555
  37800000    -19.544748     -5.979499
  37900000    -19.621441     -5.970468
  38000000    -19.673860     -6.002153
  38100000    -19.726643     -5.979669
  38200000    -19.797673     -5.895454
  38300000    -19.871350     -6.041281
  38400000    -19.925645     -6.130454
  38500000    -19.985928     -6.170425
  38600000    -20.017802     -6.249921
  38700000    -20.109073     -6.225414
  38800000    -20.160446     -6.233067
  38900000    -20.235454     -6.180677
  39000000    -20.338017     -6.121861
  39100000    -20.392243     -6.129132
  39200000    -20.366269     -6.244614
  39300000    -20.502643     -6.142043
  39400000    -20.506245     -6.256452
  39500000    -20.570406     -6.289300
  39600000    -20.641669     -6.271685
  39700000    -20.721563     -6.206929
  39800000    -20.774355     -6.229991
  39900000    -20.846206     -6.238575
  40000000    -20.929738     -6.219020
  40100000    -20.976201     -6.317614
  40200000    -21.092270     -6.274322
  40300000    -21.152408     -6.305407
  40400000    -21.241043     -6.241406
  40500000    -21.283954     -6.367361
  40600000    -21.378480     -6.356648
  40700000    -21.442935     -6.413229
  40800000    -21.484356     -6.506213
  40900000    -21.528119     -6.548558
  41000000    -21.591720     -6.565894
  41100000    -21.686870     -6.593040
  41200000    -21.784256     -6.604444
  41300000    -21.913264     -6.348376
  41400000    -21.963174     -6.349965
  41500000    -22.010163     -6.283465
  41600000    -22.137502     -6.346914
  41700000    -22.212429     -6.366150
  41800000    -22.282545     -6.437737
  41900000    -22.348988     -6.414740
  42000000    -22.401340     -6.381439
  42100000    -22.480959     -6.383031
  42200000    -22.525686     -6.273430
  42300000    -22.564278     -6.215131
  42400000    -22.649634     -6.199406
  42500000    -22.779671     -6.242072
  42600000    -22.854453     -6.217994
  42700000    -22.939143     -6.353734
  42800000    -22.986647     -6.248587
  42900000    -23.045619     -6.211989
  43000000    -23.135935     -6.215475
  43100000    -23.162658     -6.106379
  43200000    -23.244798     -6.125017
  43300000    -23.321145     -6.099732
  43400000    -23.386359     -6.106177
  43500000    -23.448796     -6.076260
  43600000    -23.519433     -6.134500
  43700000    -23.572011     -6.041131
  43800000    -23.607603     -5.971564
  43900000    -23.656439     -5.907125
  44000000    -23.705515     -5.844705
  44100000    -23.817286     -5.891712
  44200000    -23.895107     -5.923182
  44300000    -23.953052     -5.917343
  44400000    -23.985057     -5.843167
  44500000    -24.036276     -5.817667
  44600000    -24.113364     -5.802655
  44700000    -24.261772     -5.951704
  44800000    -24.322220     -5.923724
  44900000    -24.394500     -5.951500
  45000000    -24.404141     -5.670634
  45100000    -24.432439     -5.582215
  45200000    -24.546133     -5.616108
  45300000    -24.642220     -5.642666
  45400000    -24.587127     -5.399556
  45500000    -24.557635     -5.288564
  45600000    -24.773201     -5.406200
  45700000    -24.841250     -5.412856
  45800000    -24.936637     -5.434170
  45900000    -24.980492     -5.392130
  46000000    -25.100755     -5.410671
  46100000    -25.159250     -5.446675
  46200000    -25.207573     -5.457957
  46300000    -25.200333     -5.126284
  46400000    -25.132764     -4.972956
  46500000    -25.177602     -4.937735
  46600000    -25.227396     -4.895122
  46700000    -25.269926     -4.823982
  46800000    -25.355201     -4.796960
  46900000    -25.393613     -4.750748
  47000000    -25.485859     -4.725254
  47100000    -25.339200     -4.585183
  47200000    -25.291885     -4.516189
  47300000    -25.738712     -4.695638
  47400000    -25.787674     -4.650770
  47500000    -25.880081     -4.649880
  47600000    -25.925490     -4.582243
  47700000    -26.003667     -4.571153
  47800000    -26.016506     -4.497506
  47900000    -26.156033     -4.551227
  48000000    -26.201794     -4.447209
  48100000    -26.263668     -4.413486
  48200000    -26.248991     -4.320636
  48300000    -26.494777     -4.524616
  48400000    -26.554317     -4.495749
  48500000    -26.643794     -4.543003
  48600000    -26.628968     -4.347424
  48700000    -26.650361     -4.281288
  48800000    -26.792681     -4.366143
  48900000    -26.775041     -4.214956
  49000000    -26.872704     -4.210781
  49100000    -27.039672     -4.321582
  49200000    -27.189173     -4.518051
  49300000    -27.247218     -4.483389
  49400000    -27.318397     -4.451463
  49500000    -27.352099     -4.380576
  49600000    -27.399638     -4.324501
  49700000    -27.463609     -4.306578
  49800000    -27.529378     -4.256333
  49900000    -27.536969     -4.136697
  50000000    -27.578637     -4.048103
