         0      3.000000      0.000000
    100000      3.061179     -0.009945
    200000      3.119838      0.063333
    300000      3.186887      0.038142
    400000      3.242318     -0.082988
    500000      3.300357     -0.205792
    600000      3.354806     -0.148780
    700000      3.420878     -0.085926
    800000      3.491504     -0.178043
    900000      3.526882     -0.345447
   1000000      3.595984     -0.397906
   1100000      3.645635     -0.479624
   1200000      3.677478     -0.538761
   1300000      3.734582     -0.557783
   1400000      3.594442     -0.806065
   1500000      3.709863     -0.810094
   1600000      3.612982     -0.971121
   1700000      3.685745     -0.994062
   1800000      3.679240     -1.048022
   1900000      3.583343     -1.138150
   2000000      3.715275     -1.178901
   2100000      3.795050     -1.225630
   2200000      3.645615     -1.352348
   2300000      3.801009     -1.397894
   2400000      3.825741     -1.449822
   2500000      3.910198     -1.481988
   2600000      3.925887     -1.538755
   2700000      3.884193     -1.601954
   2800000      3.731069     -1.709147
   2900000      3.556265     -1.712237
   3000000      3.539634     -1.771956
   3100000      3.527180     -1.833741
   3200000      3.371060     -1.791873
   3300000      3.329251     -1.825363
   3400000      3.301810     -1.885857
   3500000      3.316014     -2.007038
   3600000      3.224146     -2.015693
   3700000      3.129695     -2.033750
   3800000      3.129576     -2.136356
   3900000      2.930040     -1.995352
   4000000      2.872121     -2.027349
   4100000      2.829843     -2.118469
   4200000      2.796028     -2.174428
   4300000      2.671012     -2.167805
   4400000      2.538353     -2.112930
   4500000      2.476388     -2.128036
   4600000      2.488906     -2.295815
   4700000      2.390967     -2.300254
   4800000      2.339740     -2.346811
   4900000      2.318664     -2.436331
   5000000      2.173259     -2.382946
   5100000      2.160121     -2.495426
   5200000      2.103448     -2.547406
   5300000      2.128617     -2.642837
   5400000      2.052141     -2.663587
   5500000      2.012878     -2.728803
   5600000      1.988319     -2.792134
   5700000      1.911353     -2.828103
   5800000      1.717182     -2.645126
   5900000      1.675867     -2.769016
   6000000      1.809293     -2.987581
   6100000      1.619873     -2.935638
   6200000      1.457653     -2.816615
   6300000      1.404042     -2.897410
   6400000      1.348446     -2.928494
   6500000      1.307388     -3.007135
   6600000      1.241028     -3.016569
   6700000      1.203765     -3.077191
   6800000      1.166177     -3.143478
   6900000      1.155849     -3.243820
   7000000      1.103997     -3.267643
   7100000      1.124373     -3.360162
   7200000      1.037614     -3.391586
   7300000      0.966269     -3.437753
   7400000      0.869775     -3.450448
   7500000      0.769828     -3.431486
   7600000      0.635556     -3.387981
   7700000      0.588308     -3.409597
   7800000      0.494307     -3.299182
   7900000      0.388858     -3.140734
   8000000      0.324244     -3.160427
   8100000      0.296950     -3.320033
   8200000      0.198516     -3.184064
   8300000      0.169470     -3.395663
   8400000      0.069122     -3.074314
   8500000      0.040465     -2.964406
   8600000      0.013294     -2.900785
   8700000     -0.023016     -2.829962
   8800000     -0.113268     -2.882746
   8900000     -0.116389     -2.723691
   9000000     -0.351173     -3.113731
   9100000     -0.418254     -3.312473
   9200000     -0.430874     -3.491881
   9300000     -0.465686     -3.558461
   9400000     -0.501303     -3.629228
   9500000     -0.681610     -3.509687
   9600000     -0.803899     -3.243852
   9700000     -0.897532     -3.250365
   9800000     -0.949529     -3.216775
   9900000     -0.918719     -2.944073
  10000000     -1.030885     -2.993482
  10100000     -1.039804     -2.900153
  10200000     -1.094655     -2.868425
  10300000     -1.181528     -2.856982
  10400000     -1.255850     -2.864882
  10500000     -1.334019     -2.874552
  10600000     -1.272531     -2.660706
  10700000     -1.361823     -2.668836
  10800000     -1.444641     -2.656514
  10900000     -1.409465     -2.482259
  11000000     -1.508039     -2.465881
  11100000     -1.578480     -2.471372
  11200000     -1.679008     -2.533075
  11300000     -1.771810     -2.547934
  11400000     -1.855647     -2.526966
  11500000     -1.921034     -2.567942
  11600000     -1.984751     -2.588339
  11700000     -2.024800     -2.590381
  11800000     -2.136575     -2.410922
  11900000     -2.243500     -2.512401
  12000000     -2.292829     -2.526944
  12100000     -2.343407     -2.437163
  12200000     -2.423302     -2.538129
  12300000     -2.457399     -2.631934
  12400000     -2.529876     -2.554485
  12500000     -2.639742     -2.527087
  12600000     -2.688461     -2.648909
  12700000     -2.677292     -2.806030
  12800000     -2.786662     -2.765128
  12900000     -2.860854     -2.835770
  13000000     -2.915687     -2.858499
  13100000     -2.988447     -2.754231
  13200000     -3.049845     -2.806700
  13300000     -3.139233     -2.803916
  13400000     -3.221935     -2.820034
  13500000     -3.302264     -2.797933
  13600000     -3.353371     -2.798178
  13700000     -3.428631     -2.757741
  13800000     -3.527019     -2.757308
  13900000     -3.579391     -2.883793
  14000000     -3.640521     -2.913849
  14100000     -3.766875     -2.820041
  14200000     -3.832579     -2.800957
  14300000     -3.900129     -2.804092
  14400000     -3.970278     -2.821434
  14500000     -4.047071     -2.771030
  14600000     -4.109555     -2.755915
  14700000     -4.135556     -3.093372
  14800000     -4.244340     -2.936889
  14900000     -4.340629     -2.982786
  15000000     -4.376564     -3.102032
  15100000     -4.454542     -3.088632
  15200000     -4.575089     -2.964357
  15300000     -4.634867     -2.979846
  15400000     -4.694515     -3.045794
  15500000     -4.775916     -3.046647
  15600000     -4.726661     -3.213435
  15700000     -4.762916     -3.290449
  15800000     -4.754509     -3.384569
  15900000     -4.958879     -3.282518
  16000000     -5.094010     -3.181391
  16100000     -5.153596     -3.178154
  16200000     -5.238249     -3.129454
  16300000     -5.308577     -3.145769
  16400000     -5.386028     -3.115157
  16500000     -5.432424     -3.226432
  16600000     -5.483497     -3.226318
  16700000     -5.562195     -3.166605
  16800000     -5.604663     -3.322657
  16900000     -5.656133     -3.378713
  17000000     -5.689371     -3.443590
  17100000     -5.743857     -3.503763
  17200000     -5.851068     -3.453036
  17300000     -5.901388     -3.526027
  17400000     -6.018874     -3.409192
  17500000     -6.089837     -3.164415
  17600000     -6.171970     -3.161463
  17700000     -6.263430     -3.380340
  17800000     -6.296442     -3.544576
  17900000     -6.363446     -3.572281
  18000000     -6.356168     -3.709137
  18100000     -6.437939     -3.712318
  18200000     -6.507167     -3.721910
  18300000     -6.474901     -3.834273
  18400000     -6.471309     -3.932248
  18500000     -6.521893     -3.993707
  18600000     -6.572935     -4.055638
  18700000     -6.619880     -4.095256
  18800000     -6.675798     -4.124575
  18900000     -6.703246     -4.179828
  19000000     -6.750853     -4.234102
  19100000     -7.033304     -4.094175
  19200000     -7.127108     -4.076032
  19300000     -7.149693     -4.167691
  19400000     -7.222471     -4.130917
  19500000     -7.145695     -4.397146
  19600000     -7.194721     -4.444300
  19700000     -7.246531     -4.515499
  19800000     -7.263343     -4.580382
  19900000     -7.300494     -4.638351
  20000000     -7.333854     -4.710719
  20100000     -7.506717     -4.630777
  20200000     -7.602138     -4.596121
  20300000     -7.580876     -4.755725
  20400000     -7.626818     -4.787697
  20500000     -7.800196     -4.663007
  20600000     -7.816791     -4.775569
  20700000     -7.886036     -4.758301
  20800000     -7.952551     -4.757728
  20900000     -8.056594     -4.739493
  21000000     -8.101301     -4.818035
  21100000     -8.163931     -4.819535
  21200000     -8.259718     -4.788320
  21300000     -8.264626     -4.947732
  21400000     -8.340269     -4.958156
  21500000     -8.431977     -4.921545
  21600000     -8.530742     -4.802054
  21700000     -8.598646     -4.865240
  21800000     -8.657691     -4.893552
  21900000     -8.700180     -5.037651
  22000000     -8.769174     -5.039323
  22100000     -8.852314     -4.967840
  22200000     -8.900216     -4.896489
  22300000     -8.952680     -4.849637
  22400000     -9.083637     -5.008915
  22500000     -9.139721     -4.869087
  22600000     -9.202157     -4.885038
  22700000     -9.295734     -4.929893
  22800000     -9.357474     -4.879974
  22900000     -9.419283     -4.819014
  23000000     -9.544595     -5.026536
  23100000     -9.595775     -4.969171
  23200000     -9.661640     -4.961711
  23300000     -9.717335     -4.823928
  23400000     -9.837873     -4.964164
  23500000     -9.912600     -4.861214
  23600000    -10.014541     -4.889113
  23700000    -10.057582     -5.036864
  23800000    -10.140127     -5.020993
  23900000    -10.224602     -4.997271
  24000000    -10.289128     -4.953565
  24100000    -10.379757     -5.115287
  24200000    -10.418037     -5.210754
  24300000    -10.475866     -5.239030
  24400000    -10.623868     -5.120097
  24500000    -10.675959     -5.158132
  24600000    -10.766468     -5.118917
  24700000    -10.830953     -5.028297
  24800000    -10.908650     -5.005715
  24900000    -10.976292     -5.047971
  25000000    -11.045168     -5.129948
  25100000    -11.107328     -5.019964
  25200000    -11.200786     -5.112916
  25300000    -11.268310     -5.103344
  25400000    -11.315655     -5.007515
  25500000    -11.425844     -5.124638
  25600000    -11.523505     -4.980892
  25700000    -11.608470     -5.122365
  25800000    -11.600018     -5.376982
  25900000    -11.707953     -5.289564
  26000000    -11.632734     -5.516762
  26100000    -11.739028     -5.511202
  26200000    -11.872302     -5.396553
  26300000    -11.952669     -5.390611
  26400000    -12.040880     -5.288347
  26500000    -12.123890     -5.319824
  26600000    -12.181910     -5.398910
  26700000    -12.213986     -5.445107
  26800000    -12.261211     -5.489638
  26900000    -12.330480     -5.513546
  27000000    -12.342249     -5.584311
  27100000    -12.455090     -5.567831
  27200000    -12.488865     -5.605003
  27300000    -12.585775     -5.612796
  27400000    -12.583808     -5.753947
  27500000    -12.694673     -5.703915
  27600000    -12.720897     -5.800643
  27700000    -12.776745     -5.818308
  27800000    -12.860036     -5.819248
  27900000    -12.800852     -5.979441
  28000000    -12.798361     -6.087862
  28100000    -12.948353     -6.069827
  28200000    -13.030829     -6.102332
  28300000    -13.140956     -6.081387
  28400000    -13.234199     -6.034610
  28500000    -13.183605     -6.210268
  28600000    -13.289357     -6.218974
  28700000    -13.311547     -6.293648
  28800000    -13.373906     -6.340271
  28900000    -13.373483     -6.439372
  29000000    -13.655432     -6.172688
  29100000    -13.656507     -6.360634
  29200000    -13.702171     -6.377592
  29300000    -13.721447     -6.496036
  29400000    -13.772015     -6.547943
  29500000    -13.829892     -6.570419
  29600000    -13.895799     -6.583754
  29700000    -13.954006     -6.616846
  29800000    -14.082335     -6.481243
  29900000    -14.102052     -6.626273
  30000000    -14.161967     -6.683174
  30100000    -14.194976     -6.714610
  30200000    -14.351076     -6.579494
  30300000    -14.440528     -6.525570
  30400000    -14.514922     -6.523716
  30500000    -14.577838     -6.498112
  30600000    -14.610811     -6.423437
  30700000    -14.719569     -6.497838
  30800000    -14.778147     -6.463818
  30900000    -14.696278     -6.067824
  31000000    -14.769354     -6.023145
  31100000    -14.789016     -5.960313
  31200000    -14.896541     -5.989720
  31300000    -14.972869     -5.992216
  31400000    -15.004035     -5.982518
  31500000    -15.142801     -6.071660
  31600000    -15.219266     -6.082565
  31700000    -15.282653     -6.051788
  31800000    -15.355569     -6.054037
  31900000    -15.418321     -5.949294
  32000000    -15.477797     -5.888827
  32100000    -15.548610     -5.885672
  32200000    -15.606573     -5.914380
  32300000    -15.670325     -5.820385
  32400000    -15.756490     -5.858802
  32500000    -15.804238     -5.766097
  32600000    -15.871336     -5.775203
  32700000    -15.862547     -5.631320
  32800000    -15.921364     -5.606336
  32900000    -15.989061     -5.576580
  33000000    -16.004908     -5.460636
  33100000    -16.145562     -5.602721
  33200000    -16.297604     -5.740427
  33300000    -16.353058     -5.742161
  33400000    -16.436592     -5.755474
  33500000    -16.444529     -5.600743
  33600000    -16.535897     -5.615844
  33700000    -16.579677     -5.547939
  33800000    -16.615341     -5.473047
  33900000    -16.647749     -5.400600
  34000000    -16.838048     -5.582056
  34100000    -16.872649     -5.525606
  34200000    -16.937867     -5.495594
  34300000    -16.970918     -5.410036
  34400000    -16.982048     -5.340478
  34500000    -17.103299     -5.375372
  34600000    -17.191342     -5.361811
  34700000    -17.395819     -5.695064
  34800000    -17.479590     -5.798086
  34900000    -17.512838     -5.625601
  35000000    -17.613224     -5.683223
  35100000    -17.668322     -5.769926
  35200000    -17.719009     -5.841575
  35300000    -17.806501     -5.784843
  35400000    -17.867212     -5.619253
  35500000    -17.938746     -5.585247
  35600000    -17.953027     -5.482376
  35700000    -18.036662     -5.507828
  35800000    -18.143856     -5.643604
  35900000    -18.175933     -5.382375
  36000000    -18.271410     -5.386957
  36100000    -18.290310     -5.235260
  36200000    -18.419043     -5.369913
  36300000    -18.477869     -5.310546
  36400000    -18.518445     -5.251169
  36500000    -18.560020     -5.175199
  36600000    -18.644825     -5.149946
  36700000    -18.703794     -5.122077
  36800000    -18.645212     -4.939842
  36900000    -18.666087     -4.872597
  37000000    -18.899030     -5.045523
  37100000    -18.912678     -4.933118
  37200000    -19.022743     -4.960526
  37300000    -19.040358     -4.854108
  37400000    -19.147435     -4.870072
  37500000    -19.211001     -4.822902
  37600000    -19.271006     -4.793454
  37700000    -19.360389     -4.807879
  37800000    -19.460926     -4.953540
  37900000    -19.539782     -4.908997
  38000000    -19.590096     -4.870495
  38100000    -19.684998     -5.016758
  38200000    -19.792621     -5.038095
  38300000    -19.845024     -4.976686
  38400000    -19.915166     -4.967500
  38500000    -19.996099     -5.106343
  38600000    -20.059730     -5.108187
  38700000    -20.132324     -5.163571
  38800000    -20.174629     -5.286269
  38900000    -20.284753     -5.206715
  39000000    -20.340955     -5.171612
  39100000    -20.371076     -5.299875
  39200000    -20.420451     -5.361005
  39300000    -20.462065     -5.423674
  39400000    -20.569091     -5.333286
  39500000    -20.638802     -5.367188
  39600000    -20.667003     -5.473391
  39700000    -20.756976     -5.412874
  39800000    -20.767600     -5.562727
  39900000    -20.863112     -5.529074
  40000000    -20.939809     -5.542351
  40100000    -20.946223     -5.636472
  40200000    -20.954736     -5.699936
  40300000    -21.005486     -5.743406
  40400000    -21.121312     -5.725041
  40500000    -21.331746     -5.502453
  40600000    -21.400006     -5.469599
  40700000    -21.455882     -5.415507
  40800000    -21.540447     -5.434975
  40900000    -21.597456     -5.405121
  41000000    -21.655910     -5.425474
  41100000    -21.704613     -5.371513
  41200000    -21.750875     -5.286770
  41300000    -21.767192     -5.121140
  41400000    -21.891794     -5.218387
  41500000    -21.978637     -5.203070
  41600000    -22.077436     -5.306292
  41700000    -22.192844     -5.535089
  41800000    -22.272470     -5.419852
  41900000    -22.337358     -5.360880
  42000000    -22.397661     -5.476658
  42100000    -22.458065     -5.508134
  42200000    -22.513459     -5.533040
  42300000    -22.622233     -5.469673
  42400000    -22.717315     -5.441602
  42500000    -22.785893     -5.465788
  42600000    -22.847309     -5.517523
  42700000    -22.904826     -5.557114
  42800000    -22.983359     -5.523200
  42900000    -23.059826     -5.435053
  43000000    -23.124098     -5.351561
  43100000    -23.166146     -5.284546
  43200000    -23.250306     -5.330920
  43300000    -23.336232     -5.379939
  43400000    -23.399307     -5.328879
  43500000    -23.449206     -5.328733
  43600000    -23.507936     -5.267465
  43700000    -23.563296     -5.364190
  43800000    -23.627662     -5.251698
  43900000    -23.670677     -5.362450
  44000000    -23.759532     -5.350848
  44100000    -23.851147     -5.269077
  44200000    -23.913993     -5.250750
  44300000    -23.977439     -5.213233
  44400000    -24.054691     -5.270167
  44500000    -24.084882     -5.377475
  44600000    -24.163121     -5.315780
  44700000    -24.210993     -5.355185
  44800000    -24.266658     -5.389428
  44900000    -24.377699     -5.056114
  45000000    -24.464817     -5.061510
  45100000    -24.507664     -4.977216
  45200000    -24.590863     -5.195602
  45300000    -24.662300     -5.135243
  45400000    -24.736647     -5.175180
  45500000    -24.781838     -5.250134
  45600000    -24.822186     -5.308518
  45700000    -24.907164     -5.286757
  45800000    -24.978728     -5.301840
  45900000    -25.050636     -5.285239
  46000000    -25.108916     -5.354039
  46100000    -25.148546     -5.399258
  46200000    -25.247500     -5.381387
  46300000    -25.323612     -5.292216
  46400000    -25.386290     -5.324580
  46500000    -25.463514     -5.420662
  46600000    -25.549023     -5.366449
  46700000    -25.620437     -5.289452
  46800000    -25.704719     -5.392397
  46900000    -25.751411     -5.464219
  47000000    -25.817854     -5.467400
  47100000    -25.899702     -5.309390
  47200000    -25.966505     -5.310510
  47300000    -26.032983     -5.313546
  47400000    -26.098239     -5.321902
  47500000    -26.179993     -5.361023
  47600000    -26.245257     -5.420129
  47700000    -26.299554     -5.398336
  47800000    -26.374833     -5.375655
  47900000    -26.426346     -5.544479
  48000000    -26.482565     -5.558229
  48100000    -26.568877     -5.568019
  48200000    -26.668133     -5.409656
  48300000    -26.732433     -5.372468
  48400000    -26.805901     -5.472630
  48500000    -26.867833     -5.742494
  48600000    -26.912415     -5.767714
  48700000    -26.914937     -5.919855
  48800000    -27.016539     -5.907054
  48900000    -27.017652     -6.016016
  49000000    -27.130406     -6.006672
  49100000    -27.130765     -6.125465
  49200000    -27.259222     -6.073677
  49300000    -27.301902     -6.111771
  49400000    -27.323707     -6.171445
  49500000    -27.390033     -6.208011
  49600000    -27.479575     -6.181483
  49700000    -27.512830     -6.239500
  49800000    -27.666928     -6.079380
  49900000    -27.757502     -6.054011
  50000000    -27.725271     -6.267775
