         0      3.000000      0.000000
    100000      3.054009     -0.061686
    200000      3.136218     -0.033696
    300000      3.208680     -0.050161
    400000      3.262101     -0.121916
    500000      3.332199     -0.062101
    600000      3.390886     -0.107859
    700000      3.513358     -0.020245
    800000      3.579996     -0.061219
    900000      3.630570     -0.159268
   1000000      3.658182     -0.208012
   1100000      3.783124      0.016101
   1200000      3.851604     -0.015878
   1300000      3.927330     -0.067058
   1400000      3.992146     -0.016531
   1500000      4.045196     -0.157383
   1600000      4.159773     -0.070888
   1700000      4.198314     -0.027941
   1800000      4.232827     -0.033738
   1900000      4.276562      0.019784
   2000000      4.327889      0.036541
   2100000      4.448141     -0.077404
   2200000      4.502935     -0.403400
   2300000      4.571546     -0.456246
   2400000      4.588416     -0.536932
   2500000      4.726277     -0.411664
   2600000      4.808700     -0.402277
   2700000      4.880393     -0.402166
   2800000      4.932167     -0.483962
   2900000      4.984764     -0.552942
   3000000      4.977106     -0.715934
   3100000      5.108322     -0.651989
   3200000      5.154945     -0.716377
   3300000      5.291489     -0.646005
   3400000      5.335835     -0.681288
   3500000      5.477871     -0.556455
   3600000      5.586248     -0.484365
   3700000      5.635933     -0.583677
   3800000      5.698980     -0.618758
   3900000      5.754288     -0.670682
   4000000      5.812545     -0.709033
   4100000      5.911880     -0.619196
   4200000      5.981213     -0.637220
   4300000      6.047089     -0.630931
   4400000      6.098109     -0.698449
   4500000      6.165051     -0.582983
   4600000      6.213991     -0.642749
   4700000      6.294776     -0.748190
   4800000      6.370905     -0.693125
   4900000      6.439779     -0.699327
   5000000      6.493313     -0.588497
   5100000      6.566640     -0.582519
   5200000      6.642390     -0.645418
   5300000      6.734512     -0.698539
   5400000      6.805871     -0.753887
   5500000      6.860086     -0.836483
   5600000      6.946925     -0.899694
   5700000      6.972275     -1.075748
   5800000      7.062623     -1.070094
   5900000      7.138012     -0.983465
   6000000      7.195972     -1.026072
   6100000      7.266344     -1.040003
   6200000      7.290022     -1.195286
   6300000      7.383048     -1.120816
   6400000      7.413863     -1.226513
   6500000      7.398888     -1.370008
   6600000      7.637654     -1.029577
   6700000      7.695470     -1.115925
   6800000      7.756206     -1.051990
   6900000      7.806937     -1.175948
   7000000      7.910274     -1.077586
   7100000      7.906198     -1.362199
   7200000      8.041603     -1.131637
   7300000      8.083519     -1.328576
   7400000      8.185871     -1.198485
   7500000      8.248854     -1.138596
   7600000      8.322949     -1.202145
   7700000      8.368375     -1.410275
   7800000      8.420716     -1.509000
   7900000      8.470692     -1.549442
   8000000      8.487479     -1.627845
   8100000      8.521537     -1.692365
   8200000      8.611094     -1.687662
   8300000      8.700137     -1.660809
   8400000      8.764037     -1.647739
   8500000      8.853611     -1.666094
   8600000      8.918162     -1.665586
   8700000      8.997677     -1.554396
   8800000      9.086667     -1.533634
   8900000      9.143056     -1.545224
   9000000      9.209731     -1.635371
   9100000      9.265858     -1.696917
   9200000      9.349577     -1.611546
   9300000      9.415323     -1.686503
   9400000      9.465174     -1.708524
   9500000      9.528563     -1.737524
   9600000      9.597559     -1.749201
   9700000      9.668287     -1.679896
   9800000      9.754612     -1.821348
   9900000      9.845039     -1.688170
  10000000      9.904406     -1.717712
  10100000      9.951848     -1.624474
  10200000     10.044114     -1.651135
  10300000     10.079437     -1.689715
  10400000     10.133085     -1.644384
  10500000     10.170460     -1.513750
  10600000     10.136201     -1.397056
  10700000     10.290774     -1.450891
  10800000     10.303306     -1.345222
  10900000     10.363481     -1.304582
  11000000     10.440349     -1.267391
  11100000     10.430946     -1.188628
  11200000     10.438371     -1.133994
  11300000     10.713987     -1.295402
  11400000     10.654895     -1.101564
  11500000     10.816046     -1.188179
  11600000     10.917048     -1.167391
  11700000     11.018791     -1.249344
  11800000     11.076300     -1.181745
  11900000     11.114624     -1.117749
  12000000     11.168894     -1.074057
  12100000     11.273853     -1.124670
  12200000     11.340370     -1.074208
  12300000     11.411570     -1.067231
  12400000     11.435198     -0.888725
  12500000     11.551926     -1.110277
  12600000     11.445636     -0.673212
  12700000     11.470401     -0.605887
  12800000     11.654355     -0.697082
  12900000     11.703952     -0.659729
  13000000     11.748228     -0.610251
  13100000     11.758389     -0.519808
  13200000     11.757549     -0.423410
  13300000     11.875456     -0.410554
  13400000     11.890443     -0.340438
  13500000     11.979148     -0.340741
  13600000     11.942590     -0.234658
  13700000     12.024435     -0.187562
  13800000     11.976252     -0.063648
  13900000     12.153131     -0.134081
  14000000     12.271029     -0.193333
  14100000     12.308094     -0.133314
  14200000     12.326349     -0.018641
  14300000     12.382530      0.014629
  14400000     12.506006     -0.018973
  14500000     12.550854      0.046897
  14600000     12.623551      0.073550
  14700000     12.652075      0.156662
  14800000     12.795403      0.104004
  14900000     12.893156      0.047554
  15000000     12.965893     -0.027583
  15100000     13.045043      0.026546
  15200000     13.048305      0.223816
  15300000     13.123674      0.147736
  15400000     13.146500      0.318292
  15500000     13.237712      0.319022
  15600000     13.286899      0.403150
  15700000     13.347492      0.436821
  15800000     13.464578      0.348890
  15900000     13.538040      0.302449
  16000000     13.596047      0.284529
  16100000     13.650859      0.283065
  16200000     13.726849      0.358453
  16300000     13.804044      0.296717
  16400000     13.889113      0.384934
  16500000     13.971095      0.240119
  16600000     14.063512      0.334968
  16700000     14.132732      0.400273
  16800000     14.204394      0.313448
  16900000     14.269765      0.300916
  17000000     14.334949      0.208830
  17100000     14.423665      0.184502
  17200000     14.509909      0.195515
  17300000     14.565328      0.230486
  17400000     14.617563      0.335149
  17500000     14.731629      0.271066
  17600000     14.760570      0.423751
  17700000     14.808025      0.505486
  17800000     14.855784      0.523614
  17900000     14.833317      0.703031
  18000000     14.843667      0.779502
  18100000     14.890705      0.838423
  18200000     14.905350      0.905732
  18300000     15.046236      0.869356
  18400000     14.924580      1.045823
  18500000     14.925057      1.103041
  18600000     14.919544      1.158530
  18700000     15.068597      1.185472
  18800000     15.108566      1.226316
  18900000     15.105857      1.277944
  19000000     15.126371      1.339816
  19100000     15.209129      1.403296
  19200000     15.378807      1.403248
  19300000     15.828392      1.020710
  19400000     15.901936      1.043357
  19500000     15.944434      1.153985
  19600000     16.052342      1.058210
  19700000     16.150022      1.009742
  19800000     16.187082      1.107553
  19900000     16.291595      1.081662
  20000000     16.356978      1.136470
  20100000     16.443776      1.103597
  20200000     16.526691      1.145590
  20300000     16.599623      1.077710
  20400000     16.629023      1.316202
  20500000     16.675753      1.363963
  20600000     16.757972      1.375728
  20700000     16.823017      1.375690
  20800000     16.902869      1.350490
  20900000     16.931271      1.475679
  21000000     16.950767      1.594474
  21100000     17.010013      1.636495
  21200000     17.023116      1.706672
  21300000     17.118496      1.725228
  21400000     17.218653      1.691080
  21500000     17.247654      1.748281
  21600000     17.310866      1.791238
  21700000     17.441000      1.746876
  21800000     17.520335      1.747382
  21900000     17.614142      1.758963
  22000000     17.710417      1.694336
  22100000     17.791887      1.667052
  22200000     17.853720      1.646382
  22300000     17.920627      1.620733
  22400000     18.014718      1.646318
  22500000     18.072805      1.707534
  22600000     18.148709      1.722001
  22700000     18.214263      1.737843
  22800000     18.282781      1.772799
  22900000     18.347488      1.798961
  23000000     18.407707      1.802464
  23100000     18.489574      1.666566
  23200000     18.573266      1.289996
  23300000     18.612255      1.228196
  23400000     18.697543      1.213330
  23500000     18.747003      1.226337
  23600000     18.859751      1.305218
  23700000     18.921304      1.304344
  23800000     18.984277      1.239912
  23900000     19.054107      1.218238
  24000000     19.120010      1.208856
  24100000     19.221449      1.243204
  24200000     19.311390      1.396259
  24300000     19.387458      1.269445
  24400000     19.485568      1.341815
  24500000     19.535261      1.395142
  24600000     19.605231      1.282353
  24700000     19.667556      1.338702
  24800000     19.761538      1.463547
  24900000     19.823391      1.495453
  25000000     19.828244      1.658822
  25100000     19.874703      1.692286
  25200000     20.020734      1.586196
  25300000     20.044643      1.685386
  25400000     20.209442      1.408635
  25500000     20.285929      1.340379
  25600000     20.338986      1.236290
  25700000     20.427793      1.462499
  25800000     20.505529      1.410667
  25900000     20.563592      1.410262
  26000000     20.600762      1.574007
  26100000     20.610460      1.790073
  26200000     20.800219      1.656948
  26300000     20.881044      1.723677
  26400000     20.947061      1.668648
  26500000     21.015915      1.820744
  26600000     21.087688      1.800127
  26700000     21.174295      1.585275
  26800000     21.258304      1.597204
  26900000     21.301517      1.881268
  27000000     21.373223      1.507058
  27100000     21.410618      1.457222
  27200000     21.445884      1.380275
  27300000     21.627836      1.697095
  27400000     21.694576      1.626409
  27500000     21.737102      1.603400
  27600000     21.802085      1.577363
  27700000     21.847264      1.542233
  27800000     21.947471      1.586828
  27900000     21.975308      1.539087
  28000000     22.060755      1.560825
  28100000     22.033127      1.414960
  28200000     22.043385      1.364492
  28300000     22.054353      1.278332
  28400000     22.333718      1.500933
  28500000     22.410630      1.508245
  28600000     22.467137      1.427144
  28700000     22.567123      1.449947
  28800000     22.630856      1.409243
  28900000     22.689810      1.393385
  29000000     22.759578      1.413030
  29100000     22.821742      1.316440
  29200000     22.923180      1.343033
  29300000     23.029785      1.428810
  29400000     23.074401      1.305828
  29500000     23.114509      1.264597
  29600000     23.216782      1.334618
  29700000     23.311274      1.365583
  29800000     23.362559      1.208855
  29900000     23.437252      1.306616
  30000000     23.501307      1.225179
  30100000     23.557675      1.276119
  30200000     23.619561      1.268838
  30300000     23.710501      1.220090
  30400000     23.775761      1.349035
  30500000     23.840011      1.476395
  30600000     23.938118      1.354405
  30700000     23.995456      1.180089
  30800000     24.110272      1.288219
  30900000     24.109828      1.714710
  31000000     24.136687      1.809633
  31100000     24.212600      1.846199
  31200000     24.248597      1.893901
  31300000     24.267928      1.955607
  31400000     24.472898      1.756845
  31500000     24.567160      1.718209
  31600000     24.621532      1.765052
  31700000     24.723599      1.675385
  31800000     24.791462      1.749657
  31900000     24.861857      1.735936
  32000000     24.926725      1.521862
  32100000     25.035105      1.614072
  32200000     25.000262      1.742849
  32300000     25.153995      1.671797
  32400000     25.228487      1.674367
  32500000     25.286531      1.697156
  32600000     25.273585      1.905935
  32700000     25.385564      1.872043
  32800000     25.535149      1.697928
  32900000     25.586365      1.753803
  33000000     25.643990      1.835159
  33100000     25.699491      1.831463
  33200000     25.762545      1.878080
  33300000     25.812029      1.981089
  33400000     25.867658      2.012904
  33500000     25.926025      1.890092
  33600000     25.992585      1.856483
  33700000     26.041955      1.813698
  33800000     26.126278      1.748166
  33900000     26.238184      1.830964
  34000000     26.301808      1.873416
  34100000     26.328661      1.698102
  34200000     26.436468      1.825059
  34300000     26.488015      1.824119
  34400000     26.563108      1.733233
  34500000     26.620344      1.724302
  34600000     26.688779      1.697783
  34700000     26.728160      1.787785
  34800000     26.758334      1.841774
  34900000     26.899766      1.669648
  35000000     26.964241      1.582001
  35100000     27.050643      1.665053
  35200000     27.116640      1.699621
  35300000     27.164197      1.765296
  35400000     27.245378      1.603832
  35500000     27.297322      1.587571
  35600000     27.368144      1.569448
  35700000     27.477098      1.682573
  35800000     27.554476      1.755834
  35900000     27.620760      1.711249
  36000000     27.681864      1.786979
  36100000     27.779318      1.729262
  36200000     27.841428      1.794905
  36300000     27.924118      1.718576
  36400000     27.968244      1.801423
  36500000     28.023259      1.842962
  36600000     28.081818      1.882559
  36700000     28.132758      1.946928
  36800000     28.213786      1.876211
  36900000     28.277137      1.927538
  37000000     28.336700      1.997078
  37100000     28.352601      2.069217
  37200000     28.468801      2.037057
  37300000     28.478125      2.191804
  37400000     28.574232      2.181755
  37500000     28.650355      2.186999
  37600000     28.720936      2.182237
  37700000     28.791385      2.201622
  37800000     28.866672      2.240955
  37900000     28.905263      2.309651
  38000000     28.955319      2.391621
  38100000     29.021520      2.403993
  38200000     29.073014      2.470916
  38300000     29.137141      2.497275
  38400000     29.192440      2.556559
  38500000     29.275264      2.547121
  38600000     29.330460      2.574201
  38700000     29.319007      2.705485
  38800000     29.499925      2.573565
  38900000     29.568369      2.549282
  39000000     29.681516      2.492489
  39100000     29.745741      2.524919
  39200000     29.821209      2.464590
  39300000     29.882023      2.458240
  39400000     29.939107      2.480188
  39500000     30.013994      2.491518
  39600000     30.066129      2.506108
  39700000     30.137649      2.559763
  39800000     30.235367      2.513084
  39900000     30.288374      2.460222
  40000000     30.350598      2.535557
  40100000     30.425609      2.563037
  40200000     30.477756      2.638523
  40300000     30.557668      2.613767
  40400000     30.613850      2.667945
  40500000     30.687307      2.655974
  40600000     30.776114      2.532539
  40700000     30.851190      2.522143
  40800000     30.897817      2.672561
  40900000     30.965605      2.661903
  41000000     31.020001      2.575297
  41100000     31.073919      2.529672
  41200000     31.145026      2.463016
  41300000     31.217989      2.393220
  41400000     31.332733      2.425168
  41500000     31.416543      2.451416
  41600000     31.481309      2.431532
  41700000     31.556185      2.397465
  41800000     31.656105      2.586076
  41900000     31.714184      2.473269
  42000000     31.810280      2.606530
  42100000     31.864429      2.652218
  42200000     31.925540      2.463743
  42300000     32.023340      2.548310
  42400000     32.081942      2.544758
  42500000     32.124614      2.584882
  42600000     32.209783      2.453981
  42700000     32.279939      2.441824
  42800000     32.390633      2.585193
  42900000     32.449684      2.525090
  43000000     32.516691      2.488905
  43100000     32.575305      2.365357
  43200000     32.645340      2.306336
  43300000     32.738778      2.367212
  43400000     32.785750      2.299357
  43500000     32.863502      2.260653
  43600000     32.942263      2.304524
  43700000     32.972891      2.139653
  43800000     32.959549      2.045488
  43900000     33.142242      2.302534
  44000000     33.173978      2.097621
  44100000     33.255802      2.204323
  44200000     33.317466      2.100621
  44300000     33.418612      2.189606
  44400000     33.481004      2.190757
  44500000     33.546489      2.321300
  44600000     33.614866      2.319691
  44700000     33.678014      2.367756
  44800000     33.743631      2.437222
  44900000     33.820003      2.290176
  45000000     33.911036      2.303094
  45100000     33.970430      2.334430
  45200000     34.015969      2.250435
  45300000     34.058407      2.225377
  45400000     34.146793      2.334008
  45500000     34.238752      2.330970
  45600000     34.332898      2.419664
  45700000     34.378996      2.328494
  45800000     34.450460      2.311301
  45900000     34.437824      2.221163
  46000000     34.572645      2.588039
  46100000     34.613679      2.671074
  46200000     34.608247      2.768039
  46300000     34.526675      2.902819
  46400000     34.532650      2.954206
  46500000     34.988022      2.519701
  46600000     35.000396      2.342597
  46700000     35.069574      2.309428
  46800000     35.151230      2.456694
  46900000     35.229086      2.481285
  47000000     35.321554      2.466820
  47100000     35.404728      2.486734
  47200000     35.482146      2.355359
  47300000     35.554972      2.381177
  47400000     35.621708      2.384442
  47500000     35.686550      2.334265
  47600000     35.744333      2.315451
  47700000     35.810915      2.297121
  47800000     35.871167      2.248126
  47900000     35.857486      2.063358
  48000000     35.901653      2.006695
  48100000     36.014730      2.034908
  48200000     36.069502      1.985280
  48300000     36.113340      1.914507
  48400000     36.183209      1.852423
  48500000     36.296004      1.905857
  48600000     36.274219      1.766308
  48700000     36.360597      1.762989
  48800000     36.418373      1.730235
  48900000     36.487408      1.707182
  49000000     36.518697      1.626652
  49100000     36.472344      1.490813
  49200000     36.509038      1.427626
  49300000     36.685625      1.578238
  49400000     36.631780      1.331488
  49500000     36.736802      1.344826
  49600000     36.801277      1.360915
  49700000     36.868380      1.323089
  49800000     36.943563      1.319690
  49900000     37.040285      1.509149
  50000000     37.116020      1.485948
