         0      3.000000      0.000000
    100000      3.040098      0.058938
    200000      3.133129      0.016097
    300000      3.207843      0.098814
    400000      3.279581      0.011064
    500000      3.351246      0.110194
    600000      3.426460      0.184826
    700000      3.503098      0.193708
    800000      3.550306      0.289997
    900000      3.627767      0.275749
   1000000      3.674006      0.323370
   1100000      3.738041      0.319511
   1200000      3.770600      0.269379
   1300000      3.844559      0.536450
   1400000      3.924638      0.559738
   1500000      3.956540      0.644589
   1600000      4.030245      0.648384
   1700000      4.092231      0.663029
   1800000      4.151466      0.700471
   1900000      4.261790      0.649917
   2000000      4.310004      0.733475
   2100000      4.384978      0.660515
   2200000      4.470047      0.685343
   2300000      4.541548      0.634917
   2400000      4.608705      0.617852
   2500000      4.664974      0.558031
   2600000      4.740596      0.621576
   2700000      4.839523      0.544038
   2800000      4.914374      0.531876
   2900000      4.955994      0.424171
   3000000      4.971049      0.321082
   3100000      5.042479      0.287278
   3200000      5.113508      0.268651
   3300000      5.194342      0.275797
   3400000      5.241286      0.144056
   3500000      5.281061      0.075163
   3600000      5.299431     -0.018678
   3700000      5.348788     -0.045586
   3800000      5.387103     -0.093339
   3900000      5.598115      0.052394
   4000000      5.712962      0.145828
   4100000      5.801232      0.238889
   4200000      5.857361      0.318867
   4300000      5.900570      0.355532
   4400000      6.004627      0.196195
   4500000      6.078964      0.292945
   4600000      6.164210      0.252172
   4700000      6.237765      0.217367
   4800000      6.324981      0.241373
   4900000      6.403502      0.397263
   5000000      6.476907      0.440398
   5100000      6.574097      0.305934
   5200000      6.639917      0.277392
   5300000      6.697810      0.200147
   5400000      6.771572      0.387146
   5500000      6.836259      0.340142
   5600000      6.909875      0.284037
   5700000      7.002036      0.406236
   5800000      7.062613      0.385508
   5900000      7.137395      0.423541
   6000000      7.218278      0.377386
   6100000      7.275506      0.374301
   6200000      7.302335      0.538771
   6300000      7.396514      0.523313
   6400000      7.331707      0.729788
   6500000      7.471400      0.683063
   6600000      7.602893      0.590042
   6700000      7.671258      0.613832
   6800000      7.732091      0.627057
   6900000      7.822632      0.536114
   7000000      7.878900      0.513888
   7100000      7.974317      0.480730
   7200000      8.046808      0.609826
   7300000      8.142286      0.575997
   7400000      8.141425      0.706545
   7500000      8.235563      0.721436
   7600000      8.296214      0.771827
   7700000      8.403615      0.771856
   7800000      8.428194      0.848614
   7900000      8.510523      0.817570
   8000000      8.532116      0.939352
   8100000      8.608629      0.925598
   8200000      8.595729      1.072565
   8300000      8.586166      1.158938
   8400000      8.642523      1.185084
   8500000      8.565507      1.325386
   8600000      8.819091      1.178814
   8700000      8.864088      1.233341
   8800000      8.941143      1.205979
   8900000      9.022798      1.196912
   9000000      9.033995      1.384509
   9100000      9.072157      1.480231
   9200000      9.148972      1.484004
   9300000      9.187941      1.504440
   9400000      9.216545      1.635565
   9500000      9.450003      1.415866
   9600000      9.583158      1.287607
   9700000      9.628958      1.375463
   9800000      9.691415      1.396731
   9900000      9.763749      1.432319
  10000000      9.830725      1.430202
  10100000      9.874914      1.461063
  10200000     10.006389      1.221567
  10300000     10.062163      1.231165
  10400000     10.144033      1.125278
  10500000     10.182207      1.087322
  10600000     10.287984      1.121101
  10700000     10.333543      1.141661
  10800000     10.322919      0.976954
  10900000     10.240242      0.810899
  11000000     10.411309      0.861153
  11100000     10.448097      0.822713
  11200000     10.484229      0.768358
  11300000     10.538562      0.698401
  11400000     10.645456      0.675906
  11500000     10.798631      0.787383
  11600000     10.873027      0.804804
  11700000     10.961110      0.940021
  11800000     11.023211      0.804570
  11900000     11.091910      0.729980
  12000000     11.142803      0.669061
  12100000     11.222294      0.710551
  12200000     11.277344      0.602594
  12300000     11.327662      0.564983
  12400000     11.430995      0.604637
  12500000     11.479130      0.539170
  12600000     11.561471      0.660255
  12700000     11.599882      0.433341
  12800000     11.675575      0.444903
  12900000     11.709611      0.360754
  13000000     11.748859      0.339774
  13100000     11.754094      0.250670
  13200000     12.017124      0.600792
  13300000     12.083956      0.567071
  13400000     12.159710      0.636512
  13500000     12.222032      0.588337
  13600000     12.305791      0.729991
  13700000     12.370714      0.701575
  13800000     12.442095      0.677978
  13900000     12.493110      0.661020
  14000000     12.552976      0.650346
  14100000     12.592464      0.721370
  14200000     12.702472      0.519949
  14300000     12.765008      0.581555
  14400000     12.828767      0.629171
  14500000     12.862439      0.715410
  14600000     12.956263      0.698831
  14700000     13.041439      0.655770
  14800000     13.138512      0.543165
  14900000     13.224452      0.511601
  15000000     13.280611      0.557606
  15100000     13.310172      0.678160
  15200000     13.345464      0.714129
  15300000     13.400888      0.743494
  15400000     13.448299      0.779669
  15500000     13.499324      0.822472
  15600000     13.617540      0.785771
  15700000     13.706321      0.742456
  15800000     13.840213      0.615401
  15900000     13.901713      0.652582
  16000000     13.951183      0.687219
  16100000     14.059034      0.549095
  16200000     14.125397      0.536032
  16300000     14.147899      0.403354
  16400000     14.233063      0.447495
  16500000     14.313139      0.576596
  16600000     14.397437      0.795286
  16700000     14.466750      0.816077
  16800000     14.526003      0.826463
  16900000     14.617615      0.619993
  17000000     14.691333      0.631203
  17100000     14.741863      0.631724
  17200000     14.777584      0.519994
  17300000     14.862999      0.529349
  17400000     14.957117      0.608864
  17500000     15.017422      0.684181
  17600000     15.114292      0.661515
  17700000     15.181885      0.646598
  17800000     15.233043      0.662059
  17900000     15.292179      0.623997
  18000000     15.355346      0.612704
  18100000     15.430934      0.539071
  18200000     15.502201      0.557350
  18300000     15.535758      0.436478
  18400000     15.618484      0.455025
  18500000     15.632708      0.408604
  18600000     15.754059      0.563916
  18700000     15.834789      0.534019
  18800000     15.910173      0.553170
  18900000     15.972486      0.679658
  19000000     16.016880      0.700257
  19100000     16.086726      0.698566
  19200000     16.153597      0.691607
  19300000     16.211957      0.723230
  19400000     16.323496      0.511448
  19500000     16.385008      0.465498
  19600000     16.456873      0.418267
  19700000     16.530253      0.726949
  19800000     16.617843      0.640377
  19900000     16.706243      0.636899
  20000000     16.769374      0.598164
  20100000     16.819054      0.671682
  20200000     16.884508      0.589470
  20300000     16.959700      0.512649
  20400000     17.018297      0.534964
  20500000     17.081984      0.503006
  20600000     17.143049      0.390006
  20700000     17.243460      0.412769
  20800000     17.312348      0.494110
  20900000     17.408055      0.474418
  21000000     17.470749      0.450959
  21100000     17.576086      0.624993
  21200000     17.634161      0.537845
  21300000     17.689764      0.606105
  21400000     17.649754      0.367670
  21500000     17.607166      0.108828
  21600000     17.714172      0.094838
  21700000     17.716879     -0.027920
  21800000     17.800691     -0.006844
  21900000     17.807296     -0.113412
  22000000     17.911984     -0.130400
  22100000     18.062349     -0.027256
  22200000     18.184824      0.119103
  22300000     18.238444      0.115963
  22400000     18.291593      0.188306
  22500000     18.354403      0.079181
  22600000     18.439900      0.071714
  22700000     18.548405      0.139332
  22800000     18.608380      0.103283
  22900000     18.692950      0.152094
  23000000     18.801852      0.111716
  23100000     18.864802      0.267786
  23200000     18.927572      0.137170
  23300000     18.973863      0.384952
  23400000     19.067607      0.394009
  23500000     19.126780      0.459427
  23600000     19.197051      0.445038
  23700000     19.248392      0.484761
  23800000     19.267174      0.593456
  23900000     19.370144      0.530588
  24000000     19.485183      0.413098
  24100000     19.556766      0.415386
  24200000     19.605984      0.539015
  24300000     19.694101      0.464998
  24400000     19.761855      0.396270
  24500000     19.838717      0.567883
  24600000     19.889334      0.674349
  24700000     19.947048      0.721971
  24800000     20.034755      0.699444
  24900000     20.118579      0.583932
  25000000     20.193214      0.632683
  25100000     20.216212      0.838969
  25200000     20.322623      0.724982
  25300000     20.400082      0.652221
  25400000     20.426013      0.505719
  25500000     20.556098      0.627719
  25600000     20.600054      0.658530
  25700000     20.686552      0.459134
  25800000     20.705259      0.357235
  25900000     20.804938      0.723098
  26000000     20.891620      0.500727
  26100000     20.983749      0.425458
  26200000     21.050318      0.447347
  26300000     21.131407      0.394831
  26400000     21.207071      0.513005
  26500000     21.232610      0.579228
  26600000     21.368265      0.418446
  26700000     21.442516      0.455076
  26800000     21.498258      0.379032
  26900000     21.570180      0.466545
  27000000     21.654788      0.501101
  27100000     21.741238      0.482147
  27200000     21.804486      0.479719
  27300000     21.871059      0.543382
  27400000     21.936900      0.583019
  27500000     21.984839      0.640131
  27600000     22.013288      0.688140
  27700000     22.086570      0.720312
  27800000     22.208221      0.567514
  27900000     22.265772      0.642281
  28000000     22.344223      0.583687
  28100000     22.397829      0.770881
  28200000     22.523004      0.665070
  28300000     22.594380      0.719914
  28400000     22.667100      0.711475
  28500000     22.736581      0.617318
  28600000     22.813778      0.620944
  28700000     22.867263      0.810091
  28800000     22.946901      0.806550
  28900000     23.030146      0.740808
  29000000     23.117292      0.758633
  29100000     23.178335      0.851761
  29200000     23.264527      0.681186
  29300000     23.317138      0.683343
  29400000     23.378826      0.838452
  29500000     23.465257      0.831261
  29600000     23.530802      0.785200
  29700000     23.589716      0.732534
  29800000     23.695021      0.955143
  29900000     23.758243      0.857386
  30000000     23.839572      0.914952
  30100000     23.912025      0.902956
  30200000     23.979169      0.897967
  30300000     24.037725      0.874162
  30400000     24.080177      0.777980
  30500000     24.179048      1.021319
  30600000     24.203463      1.188157
  30700000     24.314144      1.090130
  30800000     24.351451      1.207953
  30900000     24.338045      1.372327
  31000000     24.417588      1.400062
  31100000     24.577997      1.266736
  31200000     24.697530      1.113379
  31300000     24.751569      1.157909
  31400000     24.804917      1.232695
  31500000     24.880423      1.212224
  31600000     24.937027      1.311892
  31700000     24.975997      1.377054
  31800000     25.085459      1.201602
  31900000     25.144147      1.230549
  32000000     25.217764      1.228783
  32100000     25.274499      1.190808
  32200000     25.344216      1.217761
  32300000     25.401653      1.153558
  32400000     25.503335      1.167904
  32500000     25.538572      1.111206
  32600000     25.648956      1.390523
  32700000     25.710597      1.597825
  32800000     25.769032      1.626128
  32900000     25.883862      1.485224
  33000000     25.946009      1.435028
  33100000     25.990159      1.453159
  33200000     26.046536      1.317923
  33300000     26.137029      1.402190
  33400000     26.221004      1.431866
  33500000     26.285826      1.345746
  33600000     26.333933      1.336940
  33700000     26.392964      1.311508
  33800000     26.469539      1.352151
  33900000     26.548012      1.281250
  34000000     26.617509      1.282511
  34100000     26.690360      1.242470
  34200000     26.746448      1.191722
  34300000     26.815519      1.226987
  34400000     26.943983      1.342783
  34500000     27.021788      1.383275
  34600000     27.087602      1.357583
  34700000     27.164888      1.392516
  34800000     27.244830      1.420412
  34900000     27.296644      1.295174
  35000000     27.355712      1.252545
  35100000     27.401129      1.182975
  35200000     27.477401      1.172993
  35300000     27.537768      1.139539
  35400000     27.580183      1.057355
  35500000     27.617239      0.997211
  35600000     27.728156      1.075631
  35700000     27.736694      0.932594
  35800000     27.809281      0.900180
  35900000     27.861223      0.853059
  36000000     27.901770      0.794128
  36100000     27.918045      0.701193
  36200000     27.897803      0.608620
  36300000     28.089223      0.679344
  36400000     28.130217      0.608830
  36500000     28.254987      0.720473
  36600000     28.335617      0.751780
  36700000     28.367030      0.662813
  36800000     28.483223      0.732297
  36900000     28.568008      0.711170
  37000000     28.664946      0.755239
  37100000     28.734412      0.747648
  37200000     28.828503      0.719259
  37300000     28.869056      0.598965
  37400000     28.914002      0.538231
  37500000     28.976217      0.490839
  37600000     29.041111      0.479554
  37700000     29.102510      0.432459
  37800000     29.215709      0.552001
  37900000     29.250175      0.451444
  38000000     29.330425      0.430376
  38100000     29.400332      0.485245
  38200000     29.490527      0.520060
  38300000     29.540880      0.661471
  38400000     29.619842      0.637657
  38500000     29.697066      0.661127
  38600000     29.727320      0.742941
  38700000     29.797443      0.710028
  38800000     29.872606      0.735279
  38900000     29.949673      0.783927
  39000000     30.045278      0.593770
  39100000     30.123666      0.562852
  39200000     30.189571      0.604596
  39300000     30.241366      0.565697
  39400000     30.332288      0.655605
  39500000     30.406902      0.649786
  39600000     30.430452      0.839454
  39700000     30.515554      0.824357
  39800000     30.566263      0.872859
  39900000     30.626331      0.892829
  40000000     30.682238      0.894333
  40100000     30.791818      0.879074
  40200000     30.838793      0.962494
  40300000     30.906116      0.893904
  40400000     30.940260      1.016746
  40500000     30.959837      1.126646
  40600000     30.784130      1.301823
  40700000     30.725362      1.373235
  40800000     30.681075      1.438411
  40900000     30.609596      1.515110
  41000000     30.832175      1.615470
  41100000     30.850129      1.676974
  41200000     30.882998      1.764323
  41300000     30.749917      1.846845
  41400000     30.631167      1.938196
  41500000     30.694566      2.009945
  41600000     30.746321      2.069836
  41700000     30.680278      2.127399
  41800000     30.861498      2.177560
  41900000     30.740030      2.262680
  42000000     30.769642      2.321291
  42100000     30.930997      2.355918
  42200000     30.854147      2.425918
  42300000     30.809089      2.468411
  42400000     30.912559      2.561804
  42500000     31.071855      2.621099
  42600000     31.199389      2.630680
  42700000     31.295119      2.676923
  42800000     31.394383      2.682763
  42900000     31.345076      2.813175
  43000000     31.407615      2.850359
  43100000     31.409086      2.923486
  43200000     31.461047      2.981937
  43300000     31.618919      2.905699
  43400000     31.650422      2.988724
  43500000     31.709736      3.021207
  43600000     31.741842      3.106801
  43700000     31.845725      3.109038
  43800000     31.900832      3.142476
  43900000     31.907717      3.237061
  44000000     31.963819      3.273701
  44100000     32.056542      3.271736
  44200000     32.007502      3.425482
  44300000     32.054248      3.473118
  44400000     32.044189      3.578649
  44500000     32.056014      3.644027
  44600000     32.084393      3.706711
  44700000     32.217337      3.722722
  44800000     32.303045      3.765803
  44900000     32.311298      3.827071
  45000000     32.365621      3.881718
  45100000     32.507721      3.867954
  45200000     32.625119      3.826475
  45300000     32.584608      4.020179
  45400000     32.576301      4.127447
  45500000     32.543515      4.222019
  45600000     32.603386      4.270664
  45700000     32.539602      4.361298
  45800000     32.594163      4.409652
  45900000     32.753916      4.397814
  46000000     32.772624      4.489566
  46100000     32.798400      4.526007
  46200000     33.018575      4.456253
  46300000     33.007278      4.560389
  46400000     33.178113      4.518878
  46500000     33.329991      4.444023
  46600000     33.389228      4.434165
  46700000     33.436401      4.413212
  46800000     33.482898      4.518525
  46900000     33.494642      4.580960
  47000000     33.619574      4.350643
  47100000     33.691085      4.439086
  47200000     33.792894      4.449989
  47300000     33.851423      4.471961
  47400000     33.924300      4.459600
  47500000     33.996904      4.483136
  47600000     34.081899      4.285497
  47700000     34.134066      4.290838
  47800000     34.202849      4.292767
  47900000     34.287698      4.412853
  48000000     34.343121      4.470074
  48100000     34.419202      4.485964
  48200000     34.482219      4.464694
  48300000     34.559849      4.596738
  48400000     34.590041      4.710888
  48500000     34.657346      4.580256
  48600000     34.733644      4.577488
  48700000     34.805424      4.595499
  48800000     34.874641      4.629572
  48900000     34.919554      4.723853
  49000000     35.005003      4.754764
  49100000     35.071598      4.773436
  49200000     35.162358      4.645197
  49300000     35.209333      4.673199
  49400000     35.300790      4.654516
  49500000     35.359274      4.618924
  49600000     35.415721      4.552502
  49700000     35.497420      4.696260
  49800000     35.544863      4.791520
  49900000     35.597444      4.842604
  50000000     35.726524      4.746653
