         0      3.000000      0.000000
    100000      3.053894     -0.004173
    200000      3.125802     -0.047811
    300000      3.194113     -0.022221
    400000      3.256273     -0.038006
    500000      3.315916     -0.081205
    600000      3.389355     -0.095695
    700000      3.469861      0.065069
    800000      3.491144     -0.333127
    900000      3.592434     -0.221335
   1000000      3.651507     -0.165990
   1100000      3.716768     -0.060295
   1200000      3.728150      0.012214
   1300000      3.845305     -0.045779
   1400000      3.931971     -0.134271
   1500000      3.987206     -0.011687
   1600000      4.098142     -0.263026
   1700000      4.166841     -0.268292
   1800000      4.231795     -0.203871
   1900000      4.318206     -0.303191
   2000000      4.390924     -0.298618
   2100000      4.447488     -0.309474
   2200000      4.522288     -0.309019
   2300000      4.563624     -0.358456
   2400000      4.664292     -0.316060
   2500000      4.758984     -0.223463
   2600000      4.842316     -0.239229
   2700000      4.909279     -0.275566
   2800000      4.964993     -0.293579
   2900000      5.024758     -0.313578
   3000000      5.095399     -0.403983
   3100000      5.144050     -0.471855
   3200000      5.216454     -0.494015
   3300000      5.300635     -0.479103
   3400000      5.353832     -0.569478
   3500000      5.422749     -0.574176
   3600000      5.468796     -0.670564
   3700000      5.531745     -0.705644
   3800000      5.595279     -0.755149
   3900000      5.665262     -0.756970
   4000000      5.768986     -0.499451
   4100000      5.820049     -0.602597
   4200000      5.877869     -0.484663
   4300000      5.978717     -0.576016
   4400000      6.045508     -0.577896
   4500000      6.109117     -0.741183
   4600000      6.141270     -0.609660
   4700000      6.233646     -0.816641
   4800000      6.297702     -0.934613
   4900000      6.353926     -0.983548
   5000000      6.423426     -0.983982
   5100000      6.442091     -1.103792
   5200000      6.487175     -1.177182
   5300000      6.529429     -1.210373
   5400000      6.611896     -1.206627
   5500000      6.700172     -1.197819
   5600000      6.793417     -1.123727
   5700000      6.850665     -1.219603
   5800000      6.853666     -1.339070
   5900000      6.900946     -1.391272
   6000000      6.975129     -1.415983
   6100000      7.027846     -1.449569
   6200000      7.144245     -1.392417
   6300000      7.223474     -1.397839
   6400000      7.308596     -1.339688
   6500000      7.364288     -1.434386
   6600000      7.469112     -1.378341
   6700000      7.555661     -1.339249
   6800000      7.595696     -1.458170
   6900000      7.654837     -1.497766
   7000000      7.717447     -1.527140
   7100000      7.765264     -1.585417
   7200000      7.872105     -1.523058
   7300000      7.928237     -1.448070
   7400000      7.866919     -1.728661
   7500000      8.030306     -1.680359
   7600000      8.112043     -1.671408
   7700000      8.183766     -1.686944
   7800000      8.223488     -1.731207
   7900000      8.294794     -1.697316
   8000000      8.320910     -1.849967
   8100000      8.409287     -1.839635
   8200000      8.399034     -1.954867
   8300000      8.497574     -1.963891
   8400000      8.621399     -1.877355
   8500000      8.651866     -1.982353
   8600000      8.754650     -1.904474
   8700000      8.797886     -2.013680
   8800000      8.865444     -2.053571
   8900000      8.934766     -2.044323
   9000000      9.000953     -2.062475
   9100000      9.014815     -2.223359
   9200000      9.100398     -2.171576
   9300000      9.193960     -2.151839
   9400000      9.179893     -2.315403
   9500000      9.339938     -2.250712
   9600000      9.397533     -2.276035
   9700000      9.472265     -2.262159
   9800000      9.536050     -2.150819
   9900000      9.619660     -2.183970
  10000000      9.662266     -2.400253
  10100000      9.733710     -2.356130
  10200000      9.756976     -2.512044
  10300000      9.841240     -2.473060
  10400000      9.906074     -2.417406
  10500000      9.986224     -2.456290
  10600000     10.049634     -2.518505
  10700000     10.105672     -2.575634
  10800000     10.194486     -2.500410
  10900000     10.247637     -2.601189
  11000000     10.284103     -2.635179
  11100000     10.407821     -2.528228
  11200000     10.494098     -2.456867
  11300000     10.557823     -2.346472
  11400000     10.620909     -2.268627
  11500000     10.687591     -2.259905
  11600000     10.781482     -2.360639
  11700000     10.810026     -2.229441
  11800000     10.859721     -2.171225
  11900000     10.972702     -2.318707
  12000000     11.042075     -2.293746
  12100000     11.122240     -2.474035
  12200000     11.205213     -2.454556
  12300000     11.269896     -2.468718
  12400000     11.353944     -2.276841
  12500000     11.417124     -2.266822
  12600000     11.504323     -2.291248
  12700000     11.578880     -2.285557
  12800000     11.650295     -2.411803
  12900000     11.701456     -2.417763
  13000000     11.787595     -2.372444
  13100000     11.839247     -2.341946
  13200000     11.906153     -2.379851
  13300000     11.961613     -2.283624
  13400000     12.035562     -2.253245
  13500000     12.113316     -2.281013
  13600000     12.193856     -2.331736
  13700000     12.276217     -2.373324
  13800000     12.347815     -2.357436
  13900000     12.397799     -2.279455
  14000000     12.410589     -2.161884
  14100000     12.474767     -2.144972
  14200000     12.583801     -2.252298
  14300000     12.634846     -2.195771
  14400000     12.697397     -2.168933
  14500000     12.774061     -2.142465
  14600000     12.888322     -2.225877
  14700000     12.946531     -2.239363
  14800000     12.994411     -2.235040
  14900000     13.054734     -2.112385
  15000000     13.134558     -2.110909
  15100000     13.184574     -1.980262
  15200000     13.270770     -1.985090
  15300000     13.342115     -1.988179
  15400000     13.451174     -1.968485
  15500000     13.482677     -1.865488
  15600000     13.436934     -1.613935
  15700000     13.515565     -1.607339
  15800000     13.552548     -1.535041
  15900000     13.572026     -1.454059
  16000000     13.569033     -1.374265
  16100000     13.655401     -1.347017
  16200000     13.614465     -1.226360
  16300000     13.972299     -1.517545
  16400000     14.101289     -1.578388
  16500000     14.171448     -1.602384
  16600000     14.254045     -1.601439
  16700000     14.310053     -1.605056
  16800000     14.376366     -1.565130
  16900000     14.408992     -1.405517
  17000000     14.499345     -1.433582
  17100000     14.541888     -1.346640
  17200000     14.603031     -1.351621
  17300000     14.732518     -1.592195
  17400000     14.758076     -1.409775
  17500000     14.814166     -1.313626
  17600000     14.903091     -1.323006
  17700000     14.905797     -1.201969
  17800000     14.896196     -1.131704
  17900000     14.960758     -1.093283
  18000000     14.970027     -1.030889
  18100000     14.935514     -0.941724
  18200000     15.012827     -0.865089
  18300000     15.083403     -0.813612
  18400000     15.113363     -0.754751
  18500000     15.207265     -0.750676
  18600000     15.153930     -0.627277
  18700000     15.177295     -0.557099
  18800000     15.248773     -0.505025
  18900000     15.270999     -0.451777
  19000000     15.311465     -0.400800
  19100000     15.427115     -0.382701
  19200000     15.406549     -0.255627
  19300000     15.438149     -0.201897
  19400000     15.570703     -0.187782
  19500000     15.734339     -0.231676
  19600000     15.775303     -0.200242
  19700000     15.947350     -0.303056
  19800000     15.999196     -0.324254
  19900000     15.952583     -0.064513
  20000000     16.087310     -0.084178
  20100000     16.243471     -0.272778
  20200000     16.325749     -0.252294
  20300000     16.401031     -0.269518
  20400000     16.413718     -0.035567
  20500000     16.673772     -0.376867
  20600000     16.737868     -0.342381
  20700000     16.818957     -0.371499
  20800000     16.866787     -0.383030
  20900000     16.954762     -0.426448
  21000000     17.020776     -0.392649
  21100000     17.089962     -0.415393
  21200000     17.172819     -0.458911
  21300000     17.233861     -0.475072
  21400000     17.311203     -0.437669
  21500000     17.394246     -0.410061
  21600000     17.419979     -0.245434
  21700000     17.474676     -0.205750
  21800000     17.556156     -0.194008
  21900000     17.638283     -0.247789
  22000000     17.715375     -0.263797
  22100000     17.829060     -0.275089
  22200000     17.913661     -0.323253
  22300000     17.981232     -0.233982
  22400000     17.992416     -0.413210
  22500000     18.046581     -0.452986
  22600000     18.143447     -0.377486
  22700000     18.220872     -0.394526
  22800000     18.289227     -0.369212
  22900000     18.331402     -0.527570
  23000000     18.382638     -0.560569
  23100000     18.489012     -0.490207
  23200000     18.557557     -0.501311
  23300000     18.568808     -0.695700
  23400000     18.672584     -0.632148
  23500000     18.743128     -0.635283
  23600000     18.755046     -0.819526
  23700000     18.846466     -0.802226
  23800000     18.924503     -0.826801
  23900000     19.002049     -0.813261
  24000000     19.089752     -0.740091
  24100000     19.099517     -0.923557
  24200000     19.191993     -0.911995
  24300000     19.280599     -0.909884
  24400000     19.331925     -0.968253
  24500000     19.453443     -0.806972
  24600000     19.502564     -0.686701
  24700000     19.579881     -0.893073
  24800000     19.623941     -0.953511
  24900000     19.685187     -0.973752
  25000000     19.758759     -0.951078
  25100000     19.842775     -0.826515
  25200000     19.855910     -0.727284
  25300000     19.911902     -0.729505
  25400000     19.976713     -0.746376
  25500000     20.058508     -0.784098
  25600000     20.117664     -0.734163
  25700000     20.142768     -0.630717
  25800000     20.257093     -0.698104
  25900000     20.347382     -0.775342
  26000000     20.429389     -0.827158
  26100000     20.487533     -0.540751
  26200000     20.533458     -0.499267
  26300000     20.683043     -0.779645
  26400000     20.763715     -0.833991
  26500000     20.806751     -0.650826
  26600000     20.828496     -0.510976
  26700000     20.966646     -0.736667
  26800000     21.049543     -0.820535
  26900000     21.113287     -0.823466
  27000000     21.177435     -0.810708
  27100000     21.234754     -0.841959
  27200000     21.303871     -0.886975
  27300000     21.390177     -0.850455
  27400000     21.447275     -0.839592
  27500000     21.502879     -0.968360
  27600000     21.599671     -1.008307
  27700000     21.661914     -1.054034
  27800000     21.669737     -1.175751
  27900000     21.743248     -1.187215
  28000000     21.829440     -1.200214
  28100000     21.894162     -1.221902
  28200000     21.957654     -1.241199
  28300000     21.985292     -1.318031
  28400000     22.059338     -1.321860
  28500000     22.268367     -0.992067
  28600000     22.292873     -1.208098
  28700000     22.365460     -1.212061
  28800000     22.475265     -1.141988
  28900000     22.512207     -1.195290
  29000000     22.545893     -1.240290
  29100000     22.630848     -1.227403
  29200000     22.723749     -1.156426
  29300000     22.763849     -1.298056
  29400000     22.842934     -1.262730
  29500000     22.879708     -1.396464
  29600000     22.930975     -1.452658
  29700000     23.010960     -1.434706
  29800000     23.059256     -1.538998
  29900000     23.158267     -1.366824
  30000000     23.229918     -1.422798
  30100000     23.318008     -1.581731
  30200000     23.332378     -1.687221
  30300000     23.374562     -1.726386
  30400000     23.416690     -1.801786
  30500000     23.575194     -1.768695
  30600000     23.659482     -1.802886
  30700000     23.719374     -1.832523
  30800000     23.778736     -1.860044
  30900000     23.799744     -1.954612
  31000000     23.903671     -1.912605
  31100000     23.918146     -2.013039
  31200000     24.001235     -2.034403
  31300000     24.022836     -2.098590
  31400000     24.101474     -2.115696
  31500000     24.145021     -2.145284
  31600000     24.208786     -2.166087
  31700000     24.275068     -2.201299
  31800000     24.292140     -2.299983
  31900000     24.377973     -2.287545
  32000000     24.446240     -2.315290
  32100000     24.472194     -2.373022
  32200000     24.465045     -2.526834
  32300000     24.553957     -2.527625
  32400000     24.800144     -2.389263
  32500000     24.822367     -2.479434
  32600000     24.994060     -2.366804
  32700000     24.886575     -2.604485
  32800000     25.076055     -2.534000
  32900000     25.235215     -2.503420
  33000000     25.308943     -2.510158
  33100000     25.352105     -2.625444
  33200000     25.409707     -2.642252
  33300000     25.549671     -2.530944
  33400000     25.626711     -2.428699
  33500000     25.685482     -2.515708
  33600000     25.726115     -2.509366
  33700000     25.791275     -2.530533
  33800000     25.862894     -2.477862
  33900000     25.941228     -2.394926
  34000000     25.978802     -2.298838
  34100000     26.085900     -2.646734
  34200000     26.152415     -2.648308
  34300000     26.249769     -2.613988
  34400000     26.338435     -2.603325
  34500000     26.402414     -2.668014
  34600000     26.469156     -2.736980
  34700000     26.537875     -2.824131
  34800000     26.625946     -2.778044
  34900000     26.696518     -2.810224
  35000000     26.781618     -2.676639
  35100000     26.834285     -2.704853
  35200000     26.905226     -2.890601
  35300000     26.971591     -2.877664
  35400000     27.086495     -2.689501
  35500000     27.152844     -2.560620
  35600000     27.195348     -2.538181
  35700000     27.245576     -2.489448
  35800000     27.373880     -2.647788
  35900000     27.456817     -2.696135
  36000000     27.518073     -2.878433
  36100000     27.589897     -2.623685
  36200000     27.627462     -2.551361
  36300000     27.706295     -2.598523
  36400000     27.771806     -2.576913
  36500000     27.820363     -2.550284
  36600000     27.889004     -2.557238
  36700000     28.031155     -2.695755
  36800000     28.096910     -2.785740
  36900000     28.172283     -2.849296
  37000000     28.240397     -2.831764
  37100000     28.302696     -2.861047
  37200000     28.408861     -2.680572
  37300000     28.486329     -2.662048
  37400000     28.558642     -2.669684
  37500000     28.607883     -2.791599
  37600000     28.696218     -2.698903
  37700000     28.754487     -2.591821
  37800000     28.818333     -2.606552
  37900000     28.869137     -2.556287
  38000000     28.848391     -2.302324
  38100000     28.937068     -2.272667
  38200000     28.985844     -2.221473
  38300000     29.002557     -2.153920
  38400000     29.021757     -2.085706
  38500000     29.119728     -2.081776
  38600000     29.085640     -1.942819
  38700000     29.217321     -1.979520
  38800000     29.314126     -1.983468
  38900000     29.334624     -1.839572
  39000000     29.226950     -1.626037
  39100000     29.229058     -1.557425
  39200000     29.222647     -1.504209
  39300000     29.286333     -1.456797
  39400000     29.287146     -1.400647
  39500000     29.283257     -1.330315
  39600000     29.285425     -1.266154
  39700000     29.331931     -1.221043
  39800000     29.488080     -1.196399
  39900000     29.644123     -1.245093
  40000000     29.684470     -1.198636
  40100000     29.638570     -1.030079
  40200000     29.717002     -1.004050
  40300000     29.654605     -0.894910
  40400000     29.715238     -0.813992
  40500000     29.734339     -0.739205
  40600000     29.843018     -0.760776
  40700000     29.907577     -0.744320
  40800000     29.947411     -0.641966
  40900000     30.048039     -0.662358
  41000000     30.099990     -0.617196
  41100000     30.234922     -0.705952
  41200000     30.294112     -0.723311
  41300000     30.335552     -0.846408
  41400000     30.401226     -0.802185
  41500000     30.474219     -0.731355
  41600000     30.511967     -0.798444
  41700000     30.584262     -0.537770
  41800000     30.689003     -0.745845
  41900000     30.736476     -0.769223
  42000000     30.816863     -0.672362
  42100000     30.898211     -0.691127
  42200000     30.964818     -0.651858
  42300000     31.017515     -0.623903
  42400000     31.081514     -0.630958
  42500000     31.147676     -0.525792
  42600000     31.207388     -0.490990
  42700000     31.253484     -0.410274
  42800000     31.326505     -0.468452
  42900000     31.377229     -0.444924
  43000000     31.465641     -0.382801
  43100000     31.530010     -0.297743
  43200000     31.599115     -0.268153
  43300000     31.615427     -0.121763
  43400000     31.776942     -0.351991
  43500000     31.860219     -0.376407
  43600000     31.943203     -0.548168
  43700000     32.016994     -0.642647
  43800000     32.088017     -0.616427
  43900000     32.145176     -0.703677
  44000000     32.239702     -0.688088
  44100000     32.307229     -0.696846
  44200000     32.410213     -0.556280
  44300000     32.471746     -0.670578
  44400000     32.566110     -0.568580
  44500000     32.639798     -0.585244
  44600000     32.705462     -0.584664
  44700000     32.755665     -0.576450
  44800000     32.770101     -0.852467
  44900000     32.852751     -0.817178
  45000000     32.960114     -0.845004
  45100000     33.045134     -0.807325
  45200000     33.113105     -0.780877
  45300000     33.192375     -0.730500
  45400000     33.255827     -0.793035
  45500000     33.242706     -1.001584
  45600000     33.372958     -0.859404
  45700000     33.435178     -0.984649
  45800000     33.560849     -0.722061
  45900000     33.629481     -0.791519
  46000000     33.702958     -0.785794
  46100000     33.743214     -0.815914
  46200000     33.774040     -0.905443
  46300000     33.923159     -0.644789
  46400000     34.010109     -0.726487
  46500000     34.081348     -0.776916
  46600000     34.139856     -0.825641
  46700000     34.211734     -0.792078
  46800000     34.273271     -0.808986
  46900000     34.341683     -0.813008
  47000000     34.372374     -0.893463
  47100000     34.453163     -0.855211
  47200000     34.539476     -0.832363
  47300000     34.622624     -0.706473
  47400000     34.671498     -0.474576
  47500000     34.735263     -0.493820
  47600000     34.769779     -0.392335
  47700000     34.801630     -0.323033
  47800000     34.854255     -0.283753
  47900000     34.830309     -0.144772
  48000000     34.998014     -0.262259
  48100000     35.012039     -0.115637
  48200000     35.147597     -0.191829
  48300000     35.245491     -0.248669
  48400000     35.319394     -0.274650
  48500000     35.393908     -0.282519
  48600000     35.461424     -0.330648
  48700000     35.533988     -0.303290
  48800000     35.595198     -0.248872
  48900000     35.642888     -0.159282
  49000000     35.742017     -0.175632
  49100000     35.817850     -0.124813
  49200000     35.846309     -0.037986
  49300000     35.936301     -0.095494
  49400000     36.012234     -0.102332
  49500000     36.098243     -0.113647
  49600000     36.168396     -0.118058
  49700000     36.255353     -0.157494
  49800000     36.323647     -0.147594
  49900000     36.352538     -0.067147
  50000000     36.333892      0.077455
