         0      3.000000      0.000000
    100000      3.054967     -0.019381
    200000      3.125364     -0.095825
    300000      3.202869     -0.017723
    400000      3.277588      0.036220
    500000      3.342934     -0.008828
    600000      3.407188     -0.062580
    700000      3.485466     -0.061596
    800000      3.547070     -0.015432
    900000      3.613483     -0.070297
   1000000      3.692051     -0.138271
   1100000      3.778568      0.015234
   1200000      3.855817      0.030168
   1300000      3.929148     -0.050718
   1400000      4.012802     -0.003711
   1500000      4.053564     -0.206399
   1600000      4.117870     -0.251263
   1700000      4.197213     -0.267075
   1800000      4.247140     -0.323927
   1900000      4.294315     -0.407878
   2000000      4.412239     -0.289781
   2100000      4.492077     -0.234768
   2200000      4.581187     -0.332973
   2300000      4.639018     -0.383023
   2400000      4.746145     -0.225975
   2500000      4.802125     -0.226114
   2600000      4.886038     -0.348990
   2700000      4.913902     -0.478933
   2800000      5.030138     -0.191267
   2900000      5.110513     -0.191169
   3000000      5.183072     -0.205277
   3100000      5.254600     -0.300040
   3200000      5.276895     -0.420304
   3300000      5.388075     -0.262349
   3400000      5.389952     -0.483162
   3500000      5.442859     -0.496850
   3600000      5.589464     -0.260088
   3700000      5.665099     -0.314428
   3800000      5.747193     -0.301033
   3900000      5.812588     -0.347773
   4000000      5.897799     -0.353965
   4100000      5.959105     -0.383060
   4200000      6.029492     -0.363527
   4300000      6.105259     -0.179392
   4400000      6.177673     -0.280126
   4500000      6.218755      0.028787
   4600000      6.325217      0.004326
   4700000      6.386083      0.083591
   4800000      6.444728      0.101797
   4900000      6.497627      0.131572
   5000000      6.533857      0.221623
   5100000      6.656255      0.160301
   5200000      6.739478      0.138997
   5300000      6.804746      0.136624
   5400000      6.863417      0.195241
   5500000      6.914746      0.222243
   5600000      6.969818      0.248446
   5700000      7.090563      0.121806
   5800000      7.149121      0.192035
   5900000      7.222520      0.186365
   6000000      7.282735      0.102686
   6100000      7.343473      0.320007
   6200000      7.408649      0.316110
   6300000      7.489227      0.297299
   6400000      7.550341      0.244200
   6500000      7.619393      0.236379
   6600000      7.687320      0.270009
   6700000      7.728522      0.487351
   6800000      7.760975      0.566427
   6900000      7.888282      0.482924
   7000000      7.948361      0.516782
   7100000      8.009307      0.547406
   7200000      8.104661      0.552443
   7300000      8.165512      0.608132
   7400000      8.224425      0.528880
   7500000      8.226484      0.776756
   7600000      8.301479      0.836758
   7700000      8.343428      0.893029
   7800000      8.373234      0.941487
   7900000      8.364008      1.023282
   8000000      8.536070      0.976020
   8100000      8.604545      1.032378
   8200000      8.695591      1.035354
   8300000      8.693887      1.091754
   8400000      8.832442      1.048555
   8500000      8.935965      1.041172
   8600000      8.977613      1.073389
   8700000      8.984330      1.249454
   8800000      9.106504      1.196638
   8900000      9.209909      1.097897
   9000000      9.295466      1.057353
   9100000      9.360565      1.030719
   9200000      9.439882      1.003307
   9300000      9.497722      0.991976
   9400000      9.565208      1.035514
   9500000      9.615425      1.098026
   9600000      9.704302      1.014579
   9700000      9.764401      0.945560
   9800000      9.822909      0.857689
   9900000      9.830022      0.723187
  10000000      9.887221      0.697180
  10100000     10.003799      0.790024
  10200000     10.031916      0.719113
  10300000     10.113706      0.725728
  10400000     10.141088      0.678574
  10500000     10.305548      0.812323
  10600000     10.376586      0.847183
  10700000     10.425121      0.855221
  10800000     10.475720      0.900142
  10900000     10.562445      0.851182
  11000000     10.595567      0.653743
  11100000     10.717394      0.728553
  11200000     10.757560      0.578015
  11300000     10.851410      0.647570
  11400000     10.921428      0.665597
  11500000     10.960663      0.528923
  11600000     10.995384      0.472066
  11700000     11.120360      0.675051
  11800000     11.179686      0.829306
  11900000     11.260416      0.765005
  12000000     11.329864      0.712849
  12100000     11.402009      0.651388
  12200000     11.449454      0.594791
  12300000     11.535343      0.730145
  12400000     11.621375      0.790293
  12500000     11.667063      0.880415
  12600000     11.751673      0.908535
  12700000     11.850294      0.830212
  12800000     11.905523      0.894598
  12900000     11.955872      0.969389
  13000000     12.028395      1.013113
  13100000     12.109342      0.965649
  13200000     12.142846      1.133734
  13300000     12.230744      1.081324
  13400000     12.317197      0.982372
  13500000     12.382103      1.127435
  13600000     12.448999      1.149609
  13700000     12.502461      1.188038
  13800000     12.556986      1.170938
  13900000     12.600761      1.289708
  14000000     12.713915      1.174466
  14100000     12.695483      1.343218
  14200000     12.821226      1.241025
  14300000     12.905684      1.260351
  14400000     12.922851      1.378934
  14500000     13.040998      1.302054
  14600000     13.142956      1.144220
  14700000     13.209589      1.130706
  14800000     13.255132      1.342816
  14900000     13.335011      1.375542
  15000000     13.375611      1.451944
  15100000     13.454617      1.354732
  15200000     13.526018      1.462777
  15300000     13.599695      1.416552
  15400000     13.683675      1.369396
  15500000     13.743579      1.582682
  15600000     13.805980      1.584247
  15700000     13.849920      1.739513
  15800000     13.919280      1.752535
  15900000     14.005914      1.719995
  16000000     13.985553      1.907189
  16100000     13.941420      2.024384
  16200000     14.073688      2.018090
  16300000     14.150191      2.048531
  16400000     14.241776      2.064728
  16500000     14.253496      2.158254
  16600000     14.353785      2.125170
  16700000     14.379094      2.220598
  16800000     14.513559      2.150719
  16900000     14.611517      2.149331
  17000000     14.686645      2.155701
  17100000     14.707552      2.235326
  17200000     14.782130      2.288132
  17300000     14.771153      2.354825
  17400000     14.770657      2.404326
  17500000     14.902327      2.434941
  17600000     14.970962      2.473365
  17700000     14.974737      2.541599
  17800000     15.021327      2.597631
  17900000     15.124120      2.581672
  18000000     15.135022      2.661053
  18100000     15.203697      2.712887
  18200000     15.252197      2.745988
  18300000     15.353470      2.768101
  18400000     15.351367      2.854663
  18500000     15.457371      2.875745
  18600000     15.490840      2.940774
  18700000     15.606884      2.934845
  18800000     15.551886      3.060576
  18900000     15.463881      3.168102
  19000000     15.459817      3.241650
  19100000     15.507125      3.294431
  19200000     15.386711      3.371970
  19300000     15.478829      3.435762
  19400000     15.574059      3.466879
  19500000     15.576690      3.545014
  19600000     15.624737      3.603585
  19700000     15.681789      3.675586
  19800000     15.640827      3.745299
  19900000     15.649642      3.801007
  20000000     15.783805      3.848069
  20100000     15.954552      3.861316
  20200000     16.265186      3.737139
  20300000     16.379922      3.743572
  20400000     16.486689      3.721811
  20500000     16.539213      3.778976
  20600000     16.522784      3.889972
  20700000     16.548990      3.952895
  20800000     16.561121      4.011784
  20900000     16.671738      4.024505
  21000000     16.757229      4.034667
  21100000     16.773973      4.102780
  21200000     16.830262      4.148341
  21300000     17.010749      4.024920
  21400000     17.010279      4.168687
  21500000     17.082995      4.167400
  21600000     17.148732      4.223712
  21700000     17.165081      4.300872
  21800000     17.318460      4.227722
  21900000     17.449605      4.217666
  22000000     17.541692      4.173886
  22100000     17.621760      4.173655
  22200000     17.658685      4.279733
  22300000     17.742151      4.237562
  22400000     17.807539      4.297122
  22500000     17.860356      4.311538
  22600000     17.934384      4.335578
  22700000     17.978366      4.259774
  22800000     18.048933      4.354181
  22900000     18.097404      4.345952
  23000000     18.177892      4.355130
  23100000     18.239648      4.395537
  23200000     18.326787      4.445446
  23300000     18.376793      4.447795
  23400000     18.469839      4.463652
  23500000     18.514449      4.561276
  23600000     18.651157      4.422146
  23700000     18.720290      4.414062
  23800000     18.787146      4.419276
  23900000     18.818444      4.382969
  24000000     18.891221      4.723695
  24100000     18.966760      4.692816
  24200000     19.051701      4.641615
  24300000     19.140746      4.535103
  24400000     19.191356      4.590262
  24500000     19.248392      4.620352
  24600000     19.306826      4.644617
  24700000     19.421289      4.426129
  24800000     19.501287      4.397014
  24900000     19.586161      4.511429
  25000000     19.654302      4.486567
  25100000     19.712400      4.499824
  25200000     19.757648      4.499518
  25300000     19.846783      4.517678
  25400000     19.932007      4.443488
  25500000     19.992528      4.401099
  25600000     20.039106      4.335148
  25700000     20.101732      4.320662
  25800000     20.195355      4.463766
  25900000     20.262924      4.470320
  26000000     20.285715      4.250647
  26100000     20.298560      4.144038
  26200000     20.448912      4.292300
  26300000     20.547043      4.332001
  26400000     20.594779      4.390369
  26500000     20.676330      4.373552
  26600000     20.748687      4.363264
  26700000     20.807775      4.314744
  26800000     20.809003      4.121365
  26900000     20.880597      4.114674
  27000000     20.915141      4.053764
  27100000     20.950957      3.997350
  27200000     21.007614      3.978836
  27300000     21.039956      3.917409
  27400000     21.158731      3.975490
  27500000     21.318082      4.110167
  27600000     21.367917      4.062991
  27700000     21.466875      4.051136
  27800000     21.549128      4.136818
  27900000     21.600242      4.155805
  28000000     21.656421      4.119540
  28100000     21.726311      4.028802
  28200000     21.798700      4.031860
  28300000     21.856107      3.993233
  28400000     21.925884      4.104202
  28500000     21.977449      4.164992
  28600000     22.071777      4.128851
  28700000     22.116965      4.198014
  28800000     22.151392      4.274641
  28900000     22.238712      4.185126
  29000000     22.314693      4.112167
  29100000     22.414781      4.009989
  29200000     22.470722      4.102621
  29300000     22.538798      4.145052
  29400000     22.599193      4.071581
  29500000     22.669125      4.080943
  29600000     22.744418      4.036622
  29700000     22.803565      4.037504
  29800000     22.874285      4.023853
  29900000     22.928675      4.054839
  30000000     22.999731      4.054200
  30100000     23.079307      4.067860
  30200000     23.152356      4.081930
  30300000     23.233500      3.992315
  30400000     23.301861      3.955211
  30500000     23.341368      4.187183
  30600000     23.434732      4.063955
  30700000     23.508677      4.020099
  30800000     23.585189      4.020441
  30900000     23.635774      4.196459
  31000000     23.685811      4.234107
  31100000     23.758843      4.194146
  31200000     23.821274      4.216600
  31300000     23.876188      4.242570
  31400000     23.853569      4.435564
  31500000     23.883739      4.541445
  31600000     23.837837      4.665954
  31700000     24.031835      4.582885
  31800000     24.085605      4.626138
  31900000     24.315114      4.340872
  32000000     24.388575      4.305967
  32100000     24.453320      4.258782
  32200000     24.524134      4.152394
  32300000     24.593597      4.127845
  32400000     24.665673      4.178366
  32500000     24.716370      4.112430
  32600000     24.773974      4.061836
  32700000     24.802660      3.917114
  32800000     24.912737      4.022461
  32900000     24.968458      3.962892
  33000000     25.024924      3.896188
  33100000     25.086704      3.859177
  33200000     25.164162      3.853861
  33300000     25.169461      3.797211
  33400000     25.318383      3.928933
  33500000     25.274913      3.686497
  33600000     25.413010      3.748257
  33700000     25.578194      3.955756
  33800000     25.662536      3.976042
  33900000     25.729335      3.982750
  34000000     25.799938      4.000624
  34100000     25.834215      3.917005
  34200000     25.940756      4.033079
  34300000     25.992379      3.951947
  34400000     26.033807      3.874897
  34500000     26.084263      3.848592
  34600000     26.122057      3.791677
  34700000     26.112820      3.709847
  34800000     26.171489      3.675198
  34900000     26.245341      3.620500
  35000000     26.316785      3.627315
  35100000     26.216253      3.422157
  35200000     26.262321      3.375898
  35300000     26.413721      3.423899
  35400000     26.437524      3.387845
  35500000     26.493391      3.345475
  35600000     26.441021      3.160340
  35700000     26.540887      3.146273
  35800000     26.527750      3.046416
  35900000     26.520613      2.958033
  36000000     26.590562      2.954062
  36100000     26.606809      2.884356
  36200000     26.639835      2.823679
  36300000     26.520248      2.646231
  36400000     26.570589      2.573179
  36500000     26.589100      2.494261
  36600000     26.751910      2.503287
  36700000     26.811818      2.464110
  36800000     26.848088      2.403395
  36900000     26.797606      2.279140
  37000000     27.046110      2.381392
  37100000     27.198978      2.478854
  37200000     27.120133      2.216960
  37300000     27.106339      2.130444
  37400000     27.047274      1.999761
  37500000     27.162006      1.976409
  37600000     27.429830      2.151150
  37700000     27.536127      2.210034
  37800000     27.558976      2.107930
  37900000     27.624485      2.084162
  38000000     27.635767      1.944619
  38100000     27.695400      1.911515
  38200000     27.755701      1.865538
  38300000     27.846963      1.900097
  38400000     27.873487      1.816580
  38500000     27.962932      1.850570
  38600000     28.050375      1.873928
  38700000     28.044392      1.773387
  38800000     28.200121      1.902404
  38900000     28.263540      1.869426
  39000000     28.273523      1.785057
  39100000     28.492491      2.037525
  39200000     28.564036      2.057049
  39300000     28.602453      1.882765
  39400000     28.672551      1.894738
  39500000     28.717817      1.878310
  39600000     28.744885      1.801789
  39700000     28.940492      1.933312
  39800000     29.031474      2.037744
  39900000     29.096890      2.121001
  40000000     29.190640      1.971131
  40100000     29.237146      1.915232
  40200000     29.251293      1.746871
  40300000     29.310835      1.697171
  40400000     29.427255      1.828246
  40500000     29.475200      1.686694
  40600000     29.550956      1.691528
  40700000     29.609017      1.647100
  40800000     29.704658      1.654504
  40900000     29.824036      1.792840
  41000000     29.865361      1.677207
  41100000     29.925567      1.621512
  41200000     30.009015      1.618569
  41300000     30.056691      1.581201
  41400000     30.137109      1.582396
  41500000     30.169916      1.478143
  41600000     30.235172      1.448407
  41700000     30.301702      1.399110
  41800000     30.402734      1.419138
  41900000     30.505831      1.468873
  42000000     30.532809      1.336967
  42100000     30.575294      1.282516
  42200000     30.658892      1.307733
  42300000     30.676432      1.197777
  42400000     30.703792      1.106308
  42500000     30.700297      1.069816
  42600000     30.752255      1.019429
  42700000     30.761305      0.960020
  42800000     30.867007      0.943141
  42900000     31.014615      0.970138
  43000000     31.119505      0.939883
  43100000     31.254328      1.029313
  43200000     31.310350      1.004009
  43300000     31.302759      0.869135
  43400000     31.367086      0.845428
  43500000     31.409211      0.793898
  43600000     31.549992      0.910966
  43700000     31.622465      0.875750
  43800000     31.584124      0.720840
  43900000     31.632572      0.681016
  44000000     31.701195      0.690036
  44100000     31.944221      0.931151
  44200000     31.996848      0.906877
  44300000     32.028760      0.852855
  44400000     32.088172      0.845472
  44500000     32.138701      0.822928
  44600000     32.148386      0.729299
  44700000     32.253620      0.781860
  44800000     32.324107      0.766396
  44900000     32.399454      0.722312
  45000000     32.528906      0.802150
  45100000     32.603567      0.798357
  45200000     32.683882      0.838846
  45300000     32.762227      0.820365
  45400000     32.839314      0.912358
  45500000     32.887470      0.889506
  45600000     32.970508      0.717108
  45700000     33.000372      0.609296
  45800000     33.115004      0.880026
  45900000     33.143245      0.593023
  46000000     33.226738      0.595383
  46100000     33.291439      0.678985
  46200000     33.353529      0.663276
  46300000     33.425159      0.639540
  46400000     33.479751      0.576604
  46500000     33.486899      0.421742
  46600000     33.605316      0.444814
  46700000     33.615855      0.323671
  46800000     33.714154      0.295688
  46900000     33.781250      0.249851
  47000000     33.891777      0.297047
  47100000     33.907840      0.157140
  47200000     33.927540      0.087406
  47300000     34.027576      0.097703
  47400000     34.129867      0.105589
  47500000     34.189596      0.058357
  47600000     34.219462     -0.016586
  47700000     34.394481      0.206603
  47800000     34.466123      0.323668
  47900000     34.540193      0.280891
  48000000     34.591470      0.217975
  48100000     34.671270      0.305806
  48200000     34.749192      0.276258
  48300000     34.797764      0.391469
  48400000     34.866748      0.364470
  48500000     34.873759      0.522589
  48600000     34.983552      0.440706
  48700000     35.075892      0.421879
  48800000     35.124974      0.476993
  48900000     35.203883      0.455170
  49000000     35.248822      0.491399
  49100000     35.322938      0.504275
  49200000     35.442034      0.449388
  49300000     35.481580      0.525054
  49400000     35.534961      0.578867
  49500000     35.614316      0.563303
  49600000     35.693089      0.467060
  49700000     35.770449      0.506578
  49800000     35.856155      0.433867
  49900000     35.930565      0.445474
  50000000     36.001437      0.529129
