         0      3.000000      0.000000
    100000      3.048489     -0.093383
    200000      3.082644     -0.204363
    300000      3.135190     -0.234956
    400000      3.242449     -0.180952
    500000      3.319190     -0.047371
    600000      3.385207      0.003763
    700000      3.481429     -0.113304
    800000      3.567373     -0.051249
    900000      3.629288     -0.090879
   1000000      3.701602     -0.169960
   1100000      3.765831      0.102497
   1200000      3.851999      0.002780
   1300000      3.895805      0.214483
   1400000      3.969180      0.189031
   1500000      3.996733      0.322416
   1600000      4.003452      0.403562
   1700000      4.075737      0.443467
   1800000      4.152300      0.410582
   1900000      4.230954      0.469162
   2000000      4.323869      0.403967
   2100000      4.396789      0.362118
   2200000      4.446825      0.484020
   2300000      4.537456      0.274544
   2400000      4.648307      0.376623
   2500000      4.730348      0.276764
   2600000      4.780691      0.242649
   2700000      4.852195      0.287590
   2800000      4.908039      0.274899
   2900000      4.985484      0.353944
   3000000      5.033868      0.325412
   3100000      5.108155      0.170536
   3200000      5.131533      0.089267
   3300000      5.188154      0.081923
   3400000      5.234648      0.020056
   3500000      5.299461     -0.025503
   3600000      5.357448     -0.060217
   3700000      5.339618     -0.193864
   3800000      5.428657     -0.191600
   3900000      5.449772     -0.293305
   4000000      5.487326     -0.351781
   4100000      5.605398     -0.328900
   4200000      5.590182     -0.414547
   4300000      5.798164     -0.214102
   4400000      5.895462     -0.222500
   4500000      5.975893     -0.223189
   4600000      6.032455     -0.192485
   4700000      6.069683     -0.420790
   4800000      6.108326     -0.528836
   4900000      6.151884     -0.572803
   5000000      6.267236     -0.544181
   5100000      6.341981     -0.522862
   5200000      6.375149     -0.663184
   5300000      6.457861     -0.691050
   5400000      6.532124     -0.641687
   5500000      6.586640     -0.694036
   5600000      6.675632     -0.655852
   5700000      6.758575     -0.622785
   5800000      6.838242     -0.606622
   5900000      6.892103     -0.552523
   6000000      6.948769     -0.408805
   6100000      7.006907     -0.303540
   6200000      7.074765     -0.242802
   6300000      7.151959     -0.252541
   6400000      7.160590     -0.115660
   6500000      7.205909     -0.057839
   6600000      7.176613      0.049286
   6700000      7.211580      0.115940
   6800000      7.260856      0.167908
   6900000      7.481442      0.034178
   7000000      7.525484      0.092287
   7100000      7.735573     -0.245606
   7200000      7.837465     -0.411440
   7300000      7.914796     -0.466888
   7400000      8.002824     -0.406247
   7500000      8.077185     -0.250988
   7600000      8.148301     -0.253442
   7700000      8.222428     -0.313098
   7800000      8.307421     -0.280429
   7900000      8.374100     -0.206867
   8000000      8.444993     -0.228194
   8100000      8.503857     -0.181571
   8200000      8.565989     -0.143907
   8300000      8.646330     -0.061525
   8400000      8.720391     -0.080297
   8500000      8.802065     -0.160982
   8600000      8.828285      0.023187
   8700000      8.874694      0.064366
   8800000      8.885083      0.136663
   8900000      8.916897      0.194856
   9000000      9.063266      0.155179
   9100000      9.153777      0.159522
   9200000      9.242994      0.078606
   9300000      9.326319      0.036452
   9400000      9.407565     -0.099921
   9500000      9.463805      0.023022
   9600000      9.561972     -0.058336
   9700000      9.627000     -0.103575
   9800000      9.714406     -0.112838
   9900000      9.779280     -0.047359
  10000000      9.838266      0.035792
  10100000      9.908442     -0.017176
  10200000      9.989292      0.006316
  10300000     10.090842     -0.128859
  10400000     10.143403     -0.162136
  10500000     10.185213      0.055308
  10600000     10.312555     -0.089248
  10700000     10.365934      0.022264
  10800000     10.408054      0.072008
  10900000     10.450757      0.128668
  11000000     10.571686      0.086193
  11100000     10.659351     -0.315684
  11200000     10.745939     -0.275749
  11300000     10.795041     -0.327625
  11400000     10.886857     -0.211728
  11500000     10.966385     -0.153072
  11600000     11.027348     -0.366044
  11700000     11.118252     -0.322507
  11800000     11.204285     -0.219988
  11900000     11.227087     -0.455835
  12000000     11.301282     -0.464444
  12100000     11.317918     -0.564474
  12200000     11.427426     -0.536215
  12300000     11.401989     -0.643724
  12400000     11.563083     -0.539811
  12500000     11.603949     -0.604208
  12600000     11.644991     -0.650899
  12700000     11.716709     -0.647538
  12800000     11.757118     -0.709574
  12900000     11.788707     -0.784016
  13000000     11.854909     -0.813710
  13100000     11.885952     -0.882820
  13200000     12.011448     -0.889150
  13300000     12.157453     -0.834174
  13400000     12.182965     -0.896775
  13500000     12.270288     -0.871573
  13600000     12.279351     -0.993051
  13700000     12.383837     -0.968926
  13800000     12.554044     -0.867534
  13900000     12.550060     -0.988711
  14000000     12.589866     -1.051638
  14100000     12.773088     -0.916942
  14200000     12.777314     -0.994086
  14300000     12.855873     -1.060486
  14400000     12.987078     -0.938139
  14500000     13.143208     -0.808401
  14600000     13.240912     -0.784012
  14700000     13.294771     -0.827372
  14800000     13.360012     -0.902190
  14900000     13.437252     -0.877264
  15000000     13.500853     -0.848817
  15100000     13.576074     -0.797775
  15200000     13.631544     -0.858841
  15300000     13.719517     -0.898562
  15400000     13.798905     -0.914262
  15500000     13.873255     -0.875636
  15600000     13.942448     -0.850745
  15700000     14.025375     -0.729788
  15800000     14.097904     -0.686458
  15900000     14.149385     -0.873982
  16000000     14.213926     -1.043781
  16100000     14.326732     -0.845927
  16200000     14.398929     -0.751573
  16300000     14.439906     -0.681463
  16400000     14.541739     -0.767470
  16500000     14.601832     -0.678807
  16600000     14.685907     -0.739625
  16700000     14.756601     -0.784513
  16800000     14.820484     -0.812447
  16900000     14.831779     -0.787792
  17000000     14.979571     -0.564241
  17100000     15.020229     -0.519902
  17200000     15.095768     -0.577588
  17300000     15.176508     -0.447908
  17400000     15.242590     -0.438631
  17500000     15.332598     -0.499680
  17600000     15.407010     -0.569179
  17700000     15.483863     -0.544887
  17800000     15.550308     -0.581825
  17900000     15.611997     -0.476456
  18000000     15.668044     -0.513594
  18100000     15.752752     -0.576445
  18200000     15.803846     -0.639974
  18300000     15.900423     -0.552588
  18400000     15.936922     -0.660954
  18500000     15.977322     -0.732022
  18600000     15.931160     -0.893598
  18700000     15.912334     -0.952144
  18800000     16.229975     -0.624640
  18900000     16.310454     -0.456892
  19000000     16.362322     -0.566500
  19100000     16.420988     -0.523524
  19200000     16.466653     -0.558671
  19300000     16.509631     -0.683816
  19400000     16.567867     -0.699945
  19500000     16.607288     -0.791677
  19600000     16.664803     -0.825402
  19700000     16.694174     -0.867764
  19800000     16.661121     -0.952052
  19900000     16.769979     -0.944071
  20000000     16.811181     -0.973032
  20100000     16.825811     -1.042020
  20200000     16.778342     -1.130003
  20300000     16.977550     -1.104187
  20400000     17.053922     -1.141490
  20500000     17.105464     -1.160617
  20600000     17.187647     -1.183755
  20700000     17.242137     -1.232735
  20800000     17.389746     -1.205033
  20900000     17.556736     -1.072086
  21000000     17.595598     -1.148897
  21100000     17.661534     -1.159214
  21200000     17.763421     -1.068550
  21300000     17.849613     -1.004786
  21400000     17.904348     -1.100830
  21500000     17.908179     -1.214257
  21600000     17.995276     -1.249293
  21700000     18.050626     -1.289273
  21800000     18.123858     -1.295444
  21900000     18.251632     -1.166975
  22000000     18.351824     -1.059300
  22100000     18.405108     -1.056884
  22200000     18.472782     -0.969747
  22300000     18.512300     -0.814664
  22400000     18.629212     -0.853031
  22500000     18.690984     -0.851089
  22600000     18.757678     -0.838185
  22700000     18.813397     -0.833049
  22800000     18.909386     -0.899343
  22900000     18.959906     -0.841150
  23000000     19.055470     -1.035015
  23100000     19.124763     -1.066730
  23200000     19.205484     -1.081591
  23300000     19.261880     -0.875022
  23400000     19.349917     -1.006212
  23500000     19.424056     -0.926024
  23600000     19.490882     -0.924239
  23700000     19.573810     -1.025856
  23800000     19.639977     -0.973267
  23900000     19.727576     -0.973907
  24000000     19.734333     -0.844365
  24100000     19.862694     -0.953072
  24200000     19.953258     -1.157329
  24300000     20.041816     -1.219945
  24400000     20.102500     -1.266260
  24500000     20.157178     -1.369668
  24600000     20.268478     -1.225101
  24700000     20.330513     -1.165416
  24800000     20.407348     -1.224653
  24900000     20.496193     -1.207297
  25000000     20.576144     -1.236298
  25100000     20.633986     -1.130387
  25200000     20.719538     -1.204500
  25300000     20.787946     -1.184633
  25400000     20.860075     -1.244380
  25500000     20.928919     -1.320888
  25600000     20.993677     -1.396505
  25700000     21.070942     -1.447012
  25800000     21.121871     -1.543002
  25900000     21.087269     -1.662953
  26000000     21.178520     -1.703148
  26100000     21.264692     -1.671697
  26200000     21.272213     -1.814018
  26300000     21.340996     -1.847660
  26400000     21.450710     -1.827049
  26500000     21.576786     -1.729038
  26600000     21.632707     -1.747808
  26700000     21.697012     -1.770248
  26800000     21.772561     -1.771333
  26900000     21.909617     -1.676969
  27000000     21.963868     -1.737964
  27100000     22.034536     -1.744780
  27200000     22.034082     -1.878034
  27300000     22.187306     -1.842305
  27400000     22.224704     -1.894336
  27500000     22.310979     -1.870289
  27600000     22.411018     -1.830994
  27700000     22.505583     -1.762023
  27800000     22.535486     -1.893927
  27900000     22.678469     -1.593602
  28000000     22.742025     -1.712370
  28100000     22.800491     -1.790514
  28200000     22.909672     -1.717353
  28300000     22.970983     -1.738108
  28400000     23.039612     -1.586848
  28500000     23.098364     -1.561884
  28600000     23.156977     -1.410483
  28700000     23.192247     -1.352943
  28800000     23.273787     -1.382759
  28900000     23.360624     -1.399899
  29000000     23.430534     -1.375599
  29100000     23.476328     -1.375450
  29200000     23.534627     -1.448279
  29300000     23.598879     -1.381121
  29400000     23.667668     -1.285117
  29500000     23.733046     -1.220135
  29600000     23.741148     -1.066696
  29700000     23.829093     -1.083911
  29800000     23.964381     -1.193721
  29900000     24.017047     -1.165141
  30000000     24.113014     -1.196206
  30100000     24.144749     -1.021489
  30200000     24.223827     -1.102352
  30300000     24.278743     -1.004130
  30400000     24.367274     -1.052804
  30500000     24.395749     -0.890824
  30600000     24.460527     -0.931929
  30700000     24.508654     -0.816185
  30800000     24.581003     -0.846086
  30900000     24.618057     -0.762187
  31000000     24.677930     -0.735584
  31100000     24.812821     -0.937085
  31200000     24.891522     -1.057090
  31300000     24.871924     -1.305824
  31400000     24.994534     -1.238109
  31500000     25.067662     -1.233215
  31600000     25.138419     -1.201099
  31700000     25.211158     -1.275171
  31800000     25.259526     -1.291744
  31900000     25.312253     -1.345245
  32000000     25.335632     -1.420888
  32100000     25.391891     -1.435515
  32200000     25.526651     -1.083482
  32300000     25.628944     -1.385043
  32400000     25.623932     -1.538980
  32500000     25.731402     -1.554108
  32600000     25.922617     -1.319851
  32700000     26.008763     -1.340461
  32800000     26.097883     -1.313818
  32900000     26.172376     -1.279784
  33000000     26.237637     -1.201785
  33100000     26.318635     -1.175063
  33200000     26.359621     -1.261971
  33300000     26.409425     -1.285507
  33400000     26.521116     -1.217433
  33500000     26.600470     -1.203635
  33600000     26.674105     -1.100899
  33700000     26.738160     -1.058409
  33800000     26.826122     -1.103513
  33900000     26.886203     -1.079564
  34000000     26.945581     -1.056555
  34100000     26.997160     -1.047129
  34200000     27.056889     -1.063435
  34300000     27.172022     -1.152217
  34400000     27.223762     -1.159770
  34500000     27.289679     -1.366567
  34600000     27.334094     -1.421072
  34700000     27.420277     -1.385003
  34800000     27.526543     -1.317526
  34900000     27.579025     -1.327461
  35000000     27.657431     -1.438988
  35100000     27.724390     -1.446286
  35200000     27.786637     -1.498459
  35300000     27.852432     -1.569574
  35400000     27.928523     -1.557997
  35500000     27.992968     -1.593128
  35600000     28.066796     -1.611970
  35700000     28.133493     -1.639628
  35800000     28.212995     -1.628734
  35900000     28.294349     -1.565207
  36000000     28.365254     -1.554383
  36100000     28.436252     -1.537526
  36200000     28.486818     -1.639832
  36300000     28.568843     -1.545959
  36400000     28.663237     -1.532864
  36500000     28.737514     -1.609656
  36600000     28.801803     -1.645224
  36700000     28.867748     -1.722456
  36800000     28.949848     -1.688956
  36900000     29.013248     -1.742710
  37000000     29.073379     -1.675081
  37100000     29.143772     -1.691233
  37200000     29.212689     -1.743947
  37300000     29.274219     -1.816751
  37400000     29.344840     -1.771323
  37500000     29.446210     -1.644778
  37600000     29.509714     -1.697163
  37700000     29.581572     -1.682893
  37800000     29.663673     -1.665028
  37900000     29.740692     -1.685762
  38000000     29.811288     -1.771605
  38100000     29.861815     -1.848120
  38200000     29.954245     -1.761347
  38300000     30.007828     -1.781653
  38400000     30.064469     -1.695529
  38500000     30.106892     -1.624267
  38600000     30.188454     -1.664430
  38700000     30.262365     -1.703400
  38800000     30.328141     -1.656423
  38900000     30.408588     -1.570390
  39000000     30.486648     -1.621807
  39100000     30.462331     -1.347235
  39200000     30.556714     -1.394323
  39300000     30.638977     -1.369102
  39400000     30.722980     -1.423353
  39500000     30.813098     -1.543512
  39600000     30.819555     -1.302993
  39700000     30.910369     -1.318224
  39800000     30.898892     -1.134439
  39900000     30.937417     -1.082818
  40000000     31.045298     -1.085962
  40100000     31.101166     -1.045052
  40200000     31.155924     -1.012768
  40300000     31.186190     -0.936621
  40400000     31.234717     -0.880219
  40500000     31.316028     -0.891987
  40600000     31.448156     -0.989910
  40700000     31.538692     -0.974015
  40800000     31.605073     -0.924930
  40900000     31.679686     -0.984572
  41000000     31.741847     -0.914732
  41100000     31.822511     -0.934649
  41200000     31.889659     -1.034517
  41300000     31.966922     -1.019930
  41400000     32.030514     -1.018982
  41500000     32.089049     -0.934135
  41600000     32.161037     -1.061978
  41700000     32.220275     -1.085185
  41800000     32.249941     -1.146377
  41900000     32.346485     -1.090101
  42000000     32.429519     -1.028013
  42100000     32.494951     -0.994726
  42200000     32.560994     -1.040056
  42300000     32.624808     -0.954924
  42400000     32.684915     -0.936661
  42500000     32.787327     -0.998895
  42600000     32.848486     -1.029938
  42700000     32.917349     -0.989717
  42800000     32.988679     -1.010303
  42900000     33.060149     -0.981177
  43000000     33.127307     -0.969203
  43100000     33.204141     -0.981830
  43200000     33.274432     -0.924988
  43300000     33.347227     -0.905057
  43400000     33.411503     -0.899438
  43500000     33.489341     -0.931210
  43600000     33.530745     -0.891814
  43700000     33.569967     -0.831378
  43800000     33.591502     -0.742833
  43900000     33.709907     -0.790598
  44000000     33.820828     -0.852132
  44100000     33.885500     -0.872745
  44200000     33.929342     -0.786583
  44300000     34.046054     -0.889435
  44400000     34.134785     -1.007892
  44500000     34.193259     -1.118396
  44600000     34.271672     -1.009789
  44700000     34.751769     -1.629945
  44800000     35.695534     -1.600296
  44900000     35.626273     -1.508791
  45000000     35.573455     -1.567542
  45100000     35.544804     -1.671294
  45200000     35.496425     -1.642430
  45300000     35.482764     -1.771909
  45400000     35.386834     -1.724268
  45500000     35.336348     -1.725233
  45600000     35.434290     -1.981625
  45700000     35.477651     -2.084932
  45800000     35.373498     -2.105866
  45900000     35.419860     -2.199867
  46000000     35.497504     -2.283150
  46100000     35.500157     -2.347778
  46200000     35.543257     -2.444856
  46300000     35.615527     -2.520269
  46400000     35.602707     -2.604360
  46500000     35.646767     -2.723192
  46600000     35.796166     -2.797367
  46700000     35.758199     -2.849983
  46800000     35.915732     -2.880373
  46900000     36.042397     -2.864439
  47000000     36.106012     -2.882025
  47100000     36.002614     -3.069381
  47200000     36.075639     -3.124273
  47300000     36.160410     -3.170647
  47400000     36.233823     -3.207239
  47500000     36.315174     -3.230790
  47600000     36.319762     -3.287966
  47700000     36.403084     -3.330493
  47800000     36.491874     -3.304187
  47900000     36.608322     -3.285857
  48000000     36.677157     -3.318927
  48100000     36.728441     -3.355382
  48200000     36.849997     -3.266840
  48300000     37.001980     -3.178757
  48400000     37.055025     -3.243466
  48500000     37.081331     -3.369534
  48600000     37.195488     -3.343133
  48700000     37.244533     -3.405390
  48800000     37.321446     -3.404955
  48900000     37.342268     -3.462974
  49000000     37.477687     -3.401252
  49100000     37.590689     -3.345394
  49200000     37.692955     -3.263252
  49300000     37.768582     -3.279946
  49400000     37.840118     -3.247658
  49500000     37.892639     -3.300731
  49600000     37.987603     -3.126047
  49700000     38.039631     -3.028287
  49800000     37.968355     -2.819934
  49900000     38.170183     -3.049135
  50000000     38.237688     -3.085629
