         0      3.000000      0.000000
    100000      3.043140     -0.101915
    200000      3.090827     -0.154452
    300000      3.151811     -0.179061
    400000      3.247570      0.061490
    500000      3.332858      0.069188
    600000      3.418967     -0.006386
    700000      3.485628     -0.119232
    800000      3.565743     -0.001121
    900000      3.633325     -0.069850
   1000000      3.697920      0.020236
   1100000      3.790584      0.030902
   1200000      3.896163     -0.139600
   1300000      3.973631      0.034153
   1400000      4.029859      0.095522
   1500000      4.064195      0.156753
   1600000      4.050227      0.316194
   1700000      4.162477      0.331381
   1800000      4.329060      0.239679
   1900000      4.439118      0.101800
   2000000      4.492155     -0.130258
   2100000      4.592010     -0.027678
   2200000      4.638287     -0.112994
   2300000      4.721801     -0.091991
   2400000      4.830128     -0.026073
   2500000      4.906923      0.047664
   2600000      4.945010     -0.163640
   2700000      5.021941     -0.149197
   2800000      5.083893     -0.260212
   2900000      5.232147     -0.122108
   3000000      5.323147     -0.120213
   3100000      5.471766      0.043547
   3200000      5.569989      0.096808
   3300000      5.658614      0.060515
   3400000      5.728288     -0.005918
   3500000      5.815096     -0.094786
   3600000      5.909656     -0.027835
   3700000      5.976319      0.080520
   3800000      6.060120     -0.083519
   3900000      6.054614     -0.218239
   4000000      6.224853     -0.110637
   4100000      6.334382      0.051247
   4200000      6.377617     -0.095082
   4300000      6.460768      0.012445
   4400000      6.540828      0.041646
   4500000      6.622174      0.198170
   4600000      6.699388      0.060513
   4700000      6.768033     -0.005421
   4800000      6.847969      0.002389
   4900000      6.909769      0.007491
   5000000      6.944881     -0.130341
   5100000      7.043000     -0.105249
   5200000      7.143957     -0.013381
   5300000      7.240015      0.112594
   5400000      7.307533      0.063815
   5500000      7.380170     -0.166967
   5600000      7.470708     -0.071330
   5700000      7.537574     -0.196861
   5800000      7.631981      0.016755
   5900000      7.725284     -0.062622
   6000000      7.791813     -0.055754
   6100000      7.829056     -0.198347
   6200000      7.920245     -0.176287
   6300000      7.984856     -0.176193
   6400000      8.047281     -0.204946
   6500000      8.126361     -0.171145
   6600000      8.187125     -0.223949
   6700000      8.272451     -0.212591
   6800000      8.354900     -0.202139
   6900000      8.452527     -0.163146
   7000000      8.520404     -0.151346
   7100000      8.578799     -0.221573
   7200000      8.623452     -0.234030
   7300000      8.714381     -0.231376
   7400000      8.788579     -0.233636
   7500000      8.944262     -0.018486
   7600000      9.025977      0.014144
   7700000      9.106936      0.026105
   7800000      9.170406      0.045251
   7900000      9.231975     -0.096106
   8000000      9.349326      0.104902
   8100000      9.438781      0.102717
   8200000      9.505071      0.024386
   8300000      9.557306     -0.046779
   8400000      9.646121      0.224199
   8500000      9.732821      0.126664
   8600000      9.810553      0.201191
   8700000      9.861803      0.274347
   8800000      9.967150      0.175390
   8900000     10.036460      0.083184
   9000000     10.099460      0.159639
   9100000     10.199080      0.131070
   9200000     10.269847      0.172594
   9300000     10.334453      0.173717
   9400000     10.423996      0.156790
   9500000     10.506294      0.228097
   9600000     10.581256      0.155107
   9700000     10.661509      0.090269
   9800000     10.717289      0.200411
   9900000     10.799408      0.007241
  10000000     10.872129     -0.005212
  10100000     10.967360     -0.052485
  10200000     11.056497      0.026024
  10300000     11.118787      0.059150
  10400000     11.179459      0.071105
  10500000     11.287949     -0.146525
  10600000     11.357653     -0.071105
  10700000     11.448366     -0.097195
  10800000     11.532546     -0.053433
  10900000     11.598105     -0.170929
  11000000     11.645414     -0.223452
  11100000     11.667232     -0.223407
  11200000     11.827425      0.007386
  11300000     11.895002     -0.011890
  11400000     11.973707     -0.015867
  11500000     12.072875     -0.040916
  11600000     12.161821     -0.020135
  11700000     12.222441     -0.134023
  11800000     12.295068     -0.130705
  11900000     12.365741     -0.114678
  12000000     12.424894     -0.143765
  12100000     12.393824     -0.328161
  12200000     12.621886      0.139091
  12300000     12.705876      0.073571
  12400000     12.787495      0.049193
  12500000     12.852812      0.024672
  12600000     12.922536     -0.037059
  12700000     12.964384      0.036987
  12800000     13.025480      0.110251
  12900000     13.128008     -0.152965
  13000000     13.207775     -0.169323
  13100000     13.315917     -0.008319
  13200000     13.392170      0.031718
  13300000     13.461796     -0.028515
  13400000     13.563280      0.027735
  13500000     13.640518      0.032208
  13600000     13.707817      0.049829
  13700000     13.794735      0.103678
  13800000     13.856275      0.086323
  13900000     13.801378     -0.172937
  14000000     14.027415      0.051775
  14100000     14.140679      0.240459
  14200000     14.218398      0.298102
  14300000     14.285508      0.087200
  14400000     14.373871      0.112302
  14500000     14.477794      0.335824
  14600000     14.563178      0.244264
  14700000     14.629042      0.226366
  14800000     14.714459      0.288103
  14900000     14.783348      0.194473
  15000000     14.838527      0.110230
  15100000     14.924289      0.155308
  15200000     14.987455      0.201142
  15300000     15.054283      0.040861
  15400000     15.145500      0.041137
  15500000     15.238599      0.187191
  15600000     15.294879      0.157261
  15700000     15.374998     -0.026798
  15800000     15.437239     -0.046773
  15900000     15.517467     -0.076135
  16000000     15.648325      0.056836
  16100000     15.699934     -0.040434
  16200000     15.765842     -0.101277
  16300000     15.842558     -0.152834
  16400000     15.917178     -0.119293
  16500000     16.021437     -0.054950
  16600000     16.092688      0.012100
  16700000     16.171972     -0.087990
  16800000     16.240087     -0.017524
  16900000     16.313332     -0.022435
  17000000     16.382838     -0.077577
  17100000     16.463596     -0.142543
  17200000     16.514811     -0.287949
  17300000     16.577819     -0.284547
  17400000     16.694227     -0.132887
  17500000     16.764934     -0.182935
  17600000     16.853508     -0.117850
  17700000     16.899872     -0.255288
  17800000     16.947852     -0.349007
  17900000     17.026685     -0.358933
  18000000     17.070767     -0.412605
  18100000     17.215081     -0.085694
  18200000     17.301205     -0.093420
  18300000     17.402063     -0.074258
  18400000     17.442236      0.001534
  18500000     17.519010      0.003951
  18600000     17.568254     -0.225831
  18700000     17.669645     -0.110178
  18800000     17.714941     -0.203752
  18900000     17.732151     -0.280275
  19000000     17.829801     -0.272502
  19100000     17.995085      0.010157
  19200000     18.075171     -0.029496
  19300000     18.150711      0.024501
  19400000     18.229548      0.196840
  19500000     18.300811      0.178175
  19600000     18.325160      0.288003
  19700000     18.495214     -0.060351
  19800000     18.582145     -0.228830
  19900000     18.581773     -0.378605
  20000000     18.775487     -0.181172
  20100000     18.852668     -0.239503
  20200000     18.925494     -0.286948
  20300000     19.009618     -0.210877
  20400000     19.085205     -0.185241
  20500000     19.143121     -0.157868
  20600000     19.211681     -0.131645
  20700000     19.298502     -0.178362
  20800000     19.360974     -0.057054
  20900000     19.441320     -0.113171
  21000000     19.515056     -0.093698
  21100000     19.587073     -0.005459
  21200000     19.650766     -0.004887
  21300000     19.712834      0.018339
  21400000     19.775069      0.035891
  21500000     19.820461      0.151152
  21600000     19.897766      0.094916
  21700000     19.965303      0.129008
  21800000     20.052568      0.179459
  21900000     20.086227      0.249540
  22000000     20.241993      0.130550
  22100000     20.319601      0.172834
  22200000     20.414891      0.102509
  22300000     20.494495      0.127866
  22400000     20.606616      0.005871
  22500000     20.682052     -0.011263
  22600000     20.753611     -0.134739
  22700000     20.836083     -0.115168
  22800000     20.923258     -0.162099
  22900000     20.961959     -0.231051
  23000000     21.076542      0.063033
  23100000     21.161703      0.022424
  23200000     21.235024      0.010514
  23300000     21.299105      0.059551
  23400000     21.384060      0.035280
  23500000     21.484868     -0.020677
  23600000     21.546019      0.149216
  23700000     21.643906      0.065262
  23800000     21.711557      0.110745
  23900000     21.793244      0.134641
  24000000     21.844161     -0.015074
  24100000     21.911059     -0.066161
  24200000     21.997038      0.238083
  24300000     22.100974      0.138644
  24400000     22.172973      0.108527
  24500000     22.231347      0.165216
  24600000     22.321273      0.051817
  24700000     22.399709      0.075100
  24800000     22.478907      0.125796
  24900000     22.553910      0.122076
  25000000     22.590534      0.169639
  25100000     22.714413      0.111575
  25200000     22.787725     -0.055256
  25300000     22.879439      0.159642
  25400000     22.978111      0.167154
  25500000     23.055476      0.153800
  25600000     23.104443      0.137611
  25700000     23.174900      0.346057
  25800000     23.271938      0.218997
  25900000     23.342224      0.262715
  26000000     23.414815      0.307383
  26100000     23.492113      0.198440
  26200000     23.543738      0.227775
  26300000     23.630297      0.175058
  26400000     23.717462      0.278897
  26500000     23.799277      0.256508
  26600000     23.840790      0.332796
  26700000     23.868466      0.407055
  26800000     23.993822      0.334581
  26900000     24.066826      0.323853
  27000000     24.163627      0.201639
  27100000     24.228546      0.010593
  27200000     24.289669      0.024908
  27300000     24.362688     -0.019515
  27400000     24.379619     -0.071795
  27500000     24.570215      0.113251
  27600000     24.651448      0.075107
  27700000     24.742910      0.100560
  27800000     24.807274      0.057584
  27900000     24.892051      0.147873
  28000000     24.952248      0.113567
  28100000     25.015093      0.074294
  28200000     25.024920     -0.083732
  28300000     25.116798     -0.081048
  28400000     25.231261      0.007709
  28500000     25.289398      0.134854
  28600000     25.383476     -0.011819
  28700000     25.464649      0.041438
  28800000     25.550998      0.021100
  28900000     25.615966     -0.036688
  29000000     25.663337     -0.121397
  29100000     25.722731     -0.138983
  29200000     25.801734     -0.116295
  29300000     25.775876     -0.327799
  29400000     25.813547     -0.389599
  29500000     25.819231     -0.436560
  29600000     26.060348     -0.247857
  29700000     26.178972     -0.152383
  29800000     26.259436     -0.075440
  29900000     26.337974     -0.132175
  30000000     26.425485     -0.102019
  30100000     26.477506      0.007892
  30200000     26.561659     -0.130705
  30300000     26.632709     -0.204544
  30400000     26.726361     -0.145294
  30500000     26.792826      0.079750
  30600000     26.884400      0.045683
  30700000     26.945460      0.128376
  30800000     27.062491     -0.058867
  30900000     27.137896     -0.087819
  31000000     27.217535      0.035339
  31100000     27.285073      0.049336
  31200000     27.364198     -0.157088
  31300000     27.425801     -0.149722
  31400000     27.502198     -0.158081
  31500000     27.594195      0.033283
  31600000     27.688740     -0.054334
  31700000     27.728036     -0.103639
  31800000     27.800872     -0.159903
  31900000     27.890705     -0.098128
  32000000     27.961146     -0.095587
  32100000     28.057349     -0.021329
  32200000     28.129272     -0.063019
  32300000     28.204860     -0.002366
  32400000     28.241907      0.077112
  32500000     28.332353     -0.175203
  32600000     28.401924     -0.225181
  32700000     28.457298     -0.271713
  32800000     28.605214     -0.034614
  32900000     28.678863     -0.043392
  33000000     28.747550     -0.048886
  33100000     28.789901      0.072971
  33200000     28.821830      0.133479
  33300000     28.896752      0.141901
  33400000     29.003305      0.125418
  33500000     29.120102      0.035160
  33600000     29.168575      0.104377
  33700000     29.194815      0.199901
  33800000     29.253678      0.251982
  33900000     29.433510      0.063145
  34000000     29.492599      0.099460
  34100000     29.527510      0.175071
  34200000     29.598129      0.191533
  34300000     29.705371      0.124763
  34400000     29.801432     -0.001783
  34500000     29.872471      0.066580
  34600000     29.949642      0.065112
  34700000     30.006025      0.139380
  34800000     30.136173      0.008608
  34900000     30.223005     -0.028884
  35000000     30.311207     -0.175465
  35100000     30.365650      0.006099
  35200000     30.470387     -0.093170
  35300000     30.539072      0.010134
  35400000     30.639587     -0.021912
  35500000     30.695221     -0.066400
  35600000     30.750315     -0.047011
  35700000     30.848701      0.014839
  35800000     30.904820     -0.143282
  35900000     30.988980     -0.175820
  36000000     31.083521     -0.086214
  36100000     31.180982     -0.013750
  36200000     31.240983     -0.083296
  36300000     31.273013     -0.189194
  36400000     31.323645     -0.230694
  36500000     31.433412     -0.145711
  36600000     31.531690      0.062825
  36700000     31.608869      0.061575
  36800000     31.672665     -0.049499
  36900000     31.766088     -0.050454
  37000000     31.839227      0.068634
  37100000     31.923883     -0.009081
  37200000     31.997264      0.031253
  37300000     32.069389      0.102915
  37400000     32.140291      0.093214
  37500000     32.219530      0.141511
  37600000     32.297186      0.075778
  37700000     32.374513      0.085196
  37800000     32.437847      0.078072
  37900000     32.480784      0.044874
  38000000     32.593370      0.312160
  38100000     32.662807      0.351512
  38200000     32.731069      0.359628
  38300000     32.801549      0.293860
  38400000     32.894829      0.271128
  38500000     32.992501      0.209161
  38600000     33.053317      0.286389
  38700000     33.145571      0.233586
  38800000     33.212114      0.281568
  38900000     33.285379      0.292374
  39000000     33.347907      0.309971
  39100000     33.424358      0.247371
  39200000     33.495728      0.345513
  39300000     33.595522      0.244335
  39400000     33.670396      0.288195
  39500000     33.736405      0.362604
  39600000     33.799965      0.395115
  39700000     33.853353      0.471866
  39800000     33.952102      0.302811
  39900000     34.017127      0.437295
  40000000     34.107694      0.409123
  40100000     34.203467      0.433630
  40200000     34.280586      0.484342
  40300000     34.379247      0.499943
  40400000     34.518825      0.352829
  40500000     34.470490      0.556443
  40600000     34.690524      0.284127
  40700000     34.771299      0.252086
  40800000     34.829994      0.137672
  40900000     34.894541      0.070061
  41000000     34.993029      0.108776
  41100000     34.991237     -0.007599
  41200000     35.100891      0.190888
  41300000     35.170241      0.059537
  41400000     35.277636      0.215182
  41500000     35.336107      0.214499
  41600000     35.419334      0.108560
  41700000     35.494234      0.127399
  41800000     35.577173      0.172257
  41900000     35.610868      0.035674
  42000000     35.711241      0.104508
  42100000     35.797171      0.162136
  42200000     35.876559      0.311227
  42300000     35.941815      0.299211
  42400000     36.026442      0.212390
  42500000     36.109653      0.283143
  42600000     36.186602      0.218222
  42700000     36.246542      0.100169
  42800000     36.328682      0.233577
  42900000     36.359255      0.534248
  43000000     36.461358      0.474782
  43100000     36.561954      0.358873
  43200000     36.631323      0.368016
  43300000     36.715396      0.350762
  43400000     36.783644      0.417179
  43500000     36.852547      0.429203
  43600000     36.970735      0.233120
  43700000     37.048687      0.244565
  43800000     37.124866      0.233832
  43900000     37.199493      0.192592
  44000000     37.233558      0.111114
  44100000     37.338413      0.307699
  44200000     37.413277      0.216043
  44300000     37.515504      0.285610
  44400000     37.587704      0.201771
  44500000     37.639998      0.247998
  44600000     37.720656      0.278568
  44700000     37.792796      0.153990
  44800000     37.877865      0.185839
  44900000     37.982831      0.175965
  45000000     38.053398      0.251746
  45100000     38.125550      0.134467
  45200000     38.141090      0.023388
  45300000     38.236854      0.082310
  45400000     38.285337      0.025104
  45500000     38.354764      0.012785
  45600000     38.447179     -0.016414
  45700000     38.535705     -0.007910
  45800000     38.678363      0.140224
  45900000     38.722756      0.032662
  46000000     38.802376      0.076260
  46100000     38.849705     -0.038336
  46200000     38.914875     -0.027224
  46300000     38.968423     -0.101091
  46400000     38.984696     -0.212788
  46500000     39.169399     -0.051414
  46600000     39.254365     -0.080314
  46700000     39.278998     -0.193418
  46800000     39.436046      0.072027
  46900000     39.525981      0.063555
  47000000     39.586063      0.057594
  47100000     39.690930      0.128655
  47200000     39.759770      0.026613
  47300000     39.757099     -0.153144
  47400000     39.879529     -0.106939
  47500000     39.913758     -0.152720
  47600000     40.029237     -0.140352
  47700000     40.148336     -0.026566
  47800000     40.226587      0.016563
  47900000     40.294783     -0.033798
  48000000     40.331152     -0.061680
  48100000     40.392041     -0.145287
  48200000     40.490226     -0.090028
  48300000     40.589102     -0.073816
  48400000     40.639988     -0.105595
  48500000     40.739875     -0.008750
  48600000     40.786814     -0.127265
  48700000     40.854887     -0.121936
  48800000     40.925018     -0.154197
  48900000     41.022286     -0.132894
  49000000     41.112718     -0.026470
  49100000     41.191824     -0.087814
  49200000     41.291248     -0.205511
  49300000     41.367855     -0.215444
  49400000     41.399910     -0.299786
  49500000     41.506776     -0.204578
  49600000     41.572434     -0.197131
  49700000     41.665645     -0.125506
  49800000     41.730540     -0.231765
  49900000     41.794616     -0.249906
  50000000     41.870013     -0.221058
