         0      3.000000      0.000000
    100000      3.066827     -0.012031
    200000      3.121922     -0.122592
    300000      3.217342      0.074884
    400000      3.282004     -0.031832
    500000      3.352318      0.010204
    600000      3.410980     -0.069820
    700000      3.527715     -0.072659
    800000      3.597507     -0.107358
    900000      3.658073     -0.151723
   1000000      3.731600     -0.144431
   1100000      3.817890     -0.143610
   1200000      3.846730     -0.057318
   1300000      3.913601     -0.028351
   1400000      4.025106     -0.039434
   1500000      4.108269     -0.006404
   1600000      4.192865     -0.123053
   1700000      4.266549     -0.070278
   1800000      4.329448      0.026858
   1900000      4.399368     -0.024540
   2000000      4.499709     -0.207196
   2100000      4.568927      0.062125
   2200000      4.647433      0.023968
   2300000      4.722177     -0.066386
   2400000      4.782993     -0.060349
   2500000      4.887315     -0.009858
   2600000      4.940971      0.045288
   2700000      5.005733      0.046437
   2800000      5.118091     -0.068697
   2900000      5.186311      0.038403
   3000000      5.247356      0.019658
   3100000      5.314221      0.049995
   3200000      5.410422     -0.164905
   3300000      5.477243     -0.141515
   3400000      5.559406     -0.087478
   3500000      5.653503     -0.057601
   3600000      5.718857      0.025908
   3700000      5.788924      0.004236
   3800000      5.837702     -0.095898
   3900000      5.916280     -0.095747
   4000000      5.999998     -0.097164
   4100000      6.068896     -0.180754
   4200000      6.095805     -0.259986
   4300000      6.192717     -0.201933
   4400000      6.234531     -0.247215
   4500000      6.303567     -0.274967
   4600000      6.436388     -0.179526
   4700000      6.517917     -0.068236
   4800000      6.593105     -0.096061
   4900000      6.683445     -0.182869
   5000000      6.781209     -0.166779
   5100000      6.820673     -0.253337
   5200000      6.902633     -0.277525
   5300000      6.978322     -0.159082
   5400000      7.077352     -0.285410
   5500000      7.164932     -0.210828
   5600000      7.231709     -0.314001
   5700000      7.297665     -0.267831
   5800000      7.398381     -0.360329
   5900000      7.479373     -0.363152
   6000000      7.559733     -0.329427
   6100000      7.650399     -0.324251
   6200000      7.719675     -0.334903
   6300000      7.795838     -0.288135
   6400000      7.872339     -0.268814
   6500000      7.946106     -0.255386
   6600000      7.994991     -0.277696
   6700000      8.060844     -0.254852
   6800000      8.118218     -0.218804
   6900000      8.194186     -0.162603
   7000000      8.275284     -0.169414
   7100000      8.350493     -0.179566
   7200000      8.437782     -0.254565
   7300000      8.462341     -0.076781
   7400000      8.609981     -0.286099
   7500000      8.702338     -0.280903
   7600000      8.779985     -0.358712
   7700000      8.862150     -0.433411
   7800000      8.923085     -0.606415
   7900000      8.987586     -0.662719
   8000000      9.040045     -0.687671
   8100000      9.163409     -0.628004
   8200000      9.245208     -0.552007
   8300000      9.320835     -0.537533
   8400000      9.388098     -0.570258
   8500000      9.474558     -0.579416
   8600000      9.509709     -0.709880
   8700000      9.572744     -0.609051
   8800000      9.731229     -0.578601
   8900000      9.792387     -0.536880
   9000000      9.821713     -0.633028
   9100000      9.868739     -0.688986
   9200000      9.917966     -0.709092
   9300000      9.990750     -0.748842
   9400000     10.096265     -0.569885
   9500000     10.152864     -0.672761
   9600000     10.218261     -0.718661
   9700000     10.148556     -0.969633
   9800000     10.230034     -1.001865
   9900000     10.378623     -0.939557
  10000000     10.442532     -0.961058
  10100000     10.561919     -0.939059
  10200000     10.633835     -0.955109
  10300000     10.720333     -0.939049
  10400000     10.789854     -0.991115
  10500000     10.843889     -1.008640
  10600000     10.988043     -0.817469
  10700000     11.065461     -0.752953
  10800000     11.173840     -0.688240
  10900000     11.243405     -0.654205
  11000000     11.312515     -0.678986
  11100000     11.380479     -0.580741
  11200000     11.424418     -0.537949
  11300000     11.536056     -0.597877
  11400000     11.586964     -0.570638
  11500000     11.644329     -0.443038
  11600000     11.711355     -0.506398
  11700000     11.811535     -0.455654
  11800000     11.857707     -0.542769
  11900000     11.952532     -0.412169
  12000000     12.037146     -0.400177
  12100000     12.093785     -0.542952
  12200000     12.155586     -0.518748
  12300000     12.201662     -0.664847
  12400000     12.237114     -0.786517
  12500000     12.305930     -0.818510
  12600000     12.429255     -0.751451
  12700000     12.499511     -0.883401
  12800000     12.590396     -0.851227
  12900000     12.663430     -0.912898
  13000000     12.626842     -1.084724
  13100000     12.644039     -1.145732
  13200000     12.774581     -1.130530
  13300000     12.898938     -1.079019
  13400000     12.935660     -1.158258
  13500000     13.022716     -1.083983
  13600000     13.102923     -1.131853
  13700000     13.214534     -1.123816
  13800000     13.252774     -1.232788
  13900000     13.356309     -1.210354
  14000000     13.404522     -1.294498
  14100000     13.484887     -1.334464
  14200000     13.594314     -1.175287
  14300000     13.691219     -1.176068
  14400000     13.735735     -1.236714
  14500000     13.765651     -1.393720
  14600000     13.821828     -1.445124
  14700000     13.889997     -1.464197
  14800000     13.975426     -1.468372
  14900000     14.015419     -1.597966
  15000000     13.991649     -1.725342
  15100000     14.212519     -1.554137
  15200000     14.264436     -1.602215
  15300000     14.424541     -1.556199
  15400000     14.509292     -1.527116
  15500000     14.548011     -1.638493
  15600000     14.606098     -1.682902
  15700000     14.659911     -1.752130
  15800000     14.721875     -1.740512
  15900000     14.794622     -1.831173
  16000000     14.860847     -1.840600
  16100000     14.934512     -1.869827
  16200000     15.046113     -1.827453
  16300000     15.116796     -1.849789
  16400000     15.190817     -1.861383
  16500000     15.256409     -1.859689
  16600000     15.323131     -1.884210
  16700000     15.399341     -1.940290
  16800000     15.440586     -2.004224
  16900000     15.511500     -1.993268
  17000000     15.674107     -1.806794
  17100000     15.749765     -1.762917
  17200000     15.812333     -1.790473
  17300000     15.896348     -1.788270
  17400000     15.913615     -1.922389
  17500000     16.078467     -1.764077
  17600000     16.140494     -1.576202
  17700000     16.202903     -1.525171
  17800000     16.280864     -1.483597
  17900000     16.377191     -1.480278
  18000000     16.474599     -1.597721
  18100000     16.550083     -1.713893
  18200000     16.613165     -1.560408
  18300000     16.661274     -1.513387
  18400000     16.743015     -1.514011
  18500000     16.761765     -1.333099
  18600000     16.880470     -1.383815
  18700000     16.951297     -1.440898
  18800000     17.007967     -1.327152
  18900000     17.077718     -1.263142
  19000000     17.164781     -1.322550
  19100000     17.168285     -1.171725
  19200000     17.165530     -1.069467
  19300000     17.304313     -1.252260
  19400000     17.358216     -1.100627
  19500000     17.429482     -1.071168
  19600000     17.394517     -0.815715
  19700000     17.412402     -0.715883
  19800000     17.415567     -0.660509
  19900000     17.731341     -0.852005
  20000000     17.770406     -0.784215
  20100000     17.844913     -0.781025
  20200000     17.942471     -0.789852
  20300000     18.042995     -0.867049
  20400000     18.095621     -0.772217
  20500000     18.219019     -0.825463
  20600000     18.297190     -0.891297
  20700000     18.373140     -0.962620
  20800000     18.444377     -0.994967
  20900000     18.501588     -1.089265
  21000000     18.573532     -1.097789
  21100000     18.629305     -0.995943
  21200000     18.654790     -0.927085
  21300000     18.773416     -1.070730
  21400000     18.871468     -0.983616
  21500000     18.943641     -0.956145
  21600000     18.980725     -1.128178
  21700000     19.023342     -1.206657
  21800000     19.126515     -1.205040
  21900000     19.222141     -1.125757
  22000000     19.273398     -1.210933
  22100000     19.335036     -1.243179
  22200000     19.431583     -1.187222
  22300000     19.478995     -1.332266
  22400000     19.578272     -1.266067
  22500000     19.645969     -1.404405
  22600000     19.666127     -1.524353
  22700000     19.835907     -1.327391
  22800000     19.916519     -1.422514
  22900000     19.967084     -1.465642
  23000000     20.051919     -1.445972
  23100000     20.115939     -1.488104
  23200000     20.161197     -1.613521
  23300000     20.226594     -1.623568
  23400000     20.400008     -1.467674
  23500000     20.460492     -1.530613
  23600000     20.581706     -1.380407
  23700000     20.629428     -1.448713
  23800000     20.709413     -1.239361
  23900000     20.787493     -1.204756
  24000000     20.872865     -1.088762
  24100000     20.900982     -1.020227
  24200000     20.918388     -0.927897
  24300000     21.089025     -1.146075
  24400000     21.142318     -1.065045
  24500000     21.245632     -1.163367
  24600000     21.265319     -1.019332
  24700000     21.403113     -1.203115
  24800000     21.464915     -1.127247
  24900000     21.524954     -1.077091
  25000000     21.603075     -1.055216
  25100000     21.649356     -0.974905
  25200000     21.733441     -1.066629
  25300000     21.812371     -1.022553
  25400000     21.919579     -1.082287
  25500000     21.984727     -1.255855
  25600000     22.049408     -1.273272
  25700000     22.155297     -1.213558
  25800000     22.217085     -1.206478
  25900000     22.281293     -1.247077
  26000000     22.350751     -1.222770
  26100000     22.432885     -1.238803
  26200000     22.499264     -1.291089
  26300000     22.563198     -1.367629
  26400000     22.652571     -1.358240
  26500000     22.694418     -1.224233
  26600000     22.795777     -1.129865
  26700000     22.903367     -1.135700
  26800000     22.990481     -1.122802
  26900000     23.060706     -1.131583
  27000000     23.108761     -1.122467
  27100000     23.187994     -1.161354
  27200000     23.236001     -1.129585
  27300000     23.313768     -1.209449
  27400000     23.388278     -1.350733
  27500000     23.462379     -1.190588
  27600000     23.547843     -1.295942
  27700000     23.617930     -1.224047
  27800000     23.708523     -1.314660
  27900000     23.784214     -1.401304
  28000000     23.870093     -1.434633
  28100000     23.955462     -1.440727
  28200000     24.009820     -1.442347
  28300000     24.035420     -1.285520
  28400000     24.130794     -1.380995
  28500000     24.207314     -1.354524
  28600000     24.280548     -1.344683
  28700000     24.339295     -1.279906
  28800000     24.444477     -1.352518
  28900000     24.512904     -1.348298
  29000000     24.575822     -1.301951
  29100000     24.642075     -1.376458
  29200000     24.738778     -1.402401
  29300000     24.805102     -1.424428
  29400000     24.868563     -1.359703
  29500000     24.926936     -1.351105
  29600000     25.030301     -1.245616
  29700000     25.111301     -1.251881
  29800000     25.184932     -1.193159
  29900000     25.253628     -1.267432
  30000000     25.360545     -1.301598
  30100000     25.430761     -1.139260
  30200000     25.511622     -1.177925
  30300000     25.571042     -1.235119
  30400000     25.636730     -1.246120
  30500000     25.709016     -1.236353
  30600000     25.794843     -1.264602
  30700000     25.861961     -1.027191
  30800000     25.965864     -1.095448
  30900000     25.973875     -0.917295
  31000000     26.008409     -0.862496
  31100000     26.093597     -0.863343
  31200000     26.118769     -0.805026
  31300000     26.178713     -0.735758
  31400000     26.462716     -1.025465
  31500000     26.573770     -1.257531
  31600000     26.651621     -1.301265
  31700000     26.749487     -1.222114
  31800000     26.797979     -1.170283
  31900000     26.890613     -1.284128
  32000000     26.952354     -1.293848
  32100000     27.068186     -1.159243
  32200000     27.123935     -1.298274
  32300000     27.220348     -1.129105
  32400000     27.292185     -1.124222
  32500000     27.329706     -1.061331
  32600000     27.392046     -0.958669
  32700000     27.443841     -0.847346
  32800000     27.496818     -0.797339
  32900000     27.547897     -0.745583
  33000000     27.607227     -0.729569
  33100000     27.593359     -0.567177
  33200000     27.757126     -0.628171
  33300000     27.867115     -0.730254
  33400000     27.944482     -0.671728
  33500000     28.087092     -0.878042
  33600000     28.177684     -0.910662
  33700000     28.242314     -0.969487
  33800000     28.306242     -0.947808
  33900000     28.392368     -1.051959
  34000000     28.419334     -1.116222
  34100000     28.520938     -0.933719
  34200000     28.593925     -0.917901
  34300000     28.667227     -0.948763
  34400000     28.726501     -0.761730
  34500000     28.777785     -0.663631
  34600000     28.856116     -0.646849
  34700000     28.952588     -0.665228
  34800000     29.081486     -0.760378
  34900000     29.143869     -0.715103
  35000000     29.223200     -0.672563
  35100000     29.364370     -0.928614
  35200000     29.432588     -0.853943
  35300000     29.503933     -0.784841
  35400000     29.565189     -0.704346
  35500000     29.637869     -0.766012
  35600000     29.719143     -0.720878
  35700000     29.803176     -0.755078
  35800000     29.882091     -0.800575
  35900000     29.968734     -0.850654
  36000000     30.038969     -0.655723
  36100000     30.132695     -0.771281
  36200000     30.238447     -0.824300
  36300000     30.313640     -0.752871
  36400000     30.376933     -0.774938
  36500000     30.461034     -0.750293
  36600000     30.539627     -0.623688
  36700000     30.628826     -0.558310
  36800000     30.696810     -0.559116
  36900000     30.780077     -0.736298
  37000000     30.859669     -0.546998
  37100000     30.949476     -0.586796
  37200000     31.029567     -0.491253
  37300000     31.128460     -0.603111
  37400000     31.197335     -0.532121
  37500000     31.262078     -0.552110
  37600000     31.336676     -0.531000
  37700000     31.353377     -0.393190
  37800000     31.412317     -0.357202
  37900000     31.518953     -0.373256
  38000000     31.634078     -0.475262
  38100000     31.688143     -0.478289
  38200000     31.749919     -0.579955
  38300000     31.783230     -0.724698
  38400000     31.887372     -0.652935
  38500000     31.950539     -0.763289
  38600000     32.076521     -0.404832
  38700000     32.167430     -0.420121
  38800000     32.225647     -0.449261
  38900000     32.293744     -0.475682
  39000000     32.360988     -0.386164
  39100000     32.466194     -0.339504
  39200000     32.608970     -0.197135
  39300000     32.874100     -0.411307
  39400000     32.957335     -0.450892
  39500000     33.008778     -0.731390
  39600000     33.114955     -0.573994
  39700000     33.201565     -0.628168
  39800000     33.265752     -0.561050
  39900000     33.331391     -0.554448
  40000000     33.399866     -0.754311
  40100000     33.459111     -0.587204
  40200000     33.543573     -0.676698
  40300000     33.610861     -0.759616
  40400000     33.656754     -0.798598
  40500000     33.704564     -0.734869
  40600000     33.752136     -0.782634
  40700000     33.791827     -0.830047
  40800000     33.841995     -0.894116
  40900000     33.932831     -0.785213
  41000000     33.984136     -0.770775
  41100000     34.063477     -0.698543
  41200000     34.083315     -0.533047
  41300000     34.133429     -0.470336
  41400000     34.267318     -0.730411
  41500000     34.322529     -0.793332
  41600000     34.395867     -0.779988
  41700000     34.476167     -0.774729
  41800000     34.554973     -0.762791
  41900000     34.598723     -0.891698
  42000000     34.645784     -0.946774
  42100000     34.699472     -0.993327
  42200000     34.848420     -0.871434
  42300000     34.933870     -0.744559
  42400000     34.999992     -0.855272
  42500000     35.072283     -0.826160
  42600000     35.152014     -0.825588
  42700000     35.217007     -0.744236
  42800000     35.291284     -0.911730
  42900000     35.371428     -0.844169
  43000000     35.425922     -0.897607
  43100000     35.499581     -0.855850
  43200000     35.566593     -0.882154
  43300000     35.630435     -0.902568
  43400000     35.718965     -0.949964
  43500000     35.769831     -0.982728
  43600000     35.840058     -1.032931
  43700000     35.933456     -1.022459
  43800000     36.033861     -0.963465
  43900000     36.099253     -0.943806
  44000000     36.170292     -0.932691
  44100000     36.254777     -1.044865
  44200000     36.299122     -1.142017
  44300000     36.402255     -1.092300
  44400000     36.481332     -1.042822
  44500000     36.546545     -1.139468
  44600000     36.639540     -1.017591
  44700000     36.707037     -1.129735
  44800000     36.770329     -1.130271
  44900000     36.818929     -1.270778
  45000000     36.897698     -1.260200
  45100000     36.948144     -1.441117
  45200000     37.012698     -1.485284
  45300000     37.125368     -1.324936
  45400000     37.244679     -1.142697
  45500000     37.289643     -1.036508
  45600000     37.328050     -0.978822
  45700000     37.413259     -0.912340
  45800000     37.483706     -0.892486
  45900000     37.606170     -1.047029
  46000000     37.677059     -1.104497
  46100000     37.806956     -1.204119
  46200000     37.874375     -1.205060
  46300000     37.945679     -1.154717
  46400000     37.986371     -1.256931
  46500000     38.094130     -1.086574
  46600000     38.146197     -1.005458
  46700000     38.252179     -1.129807
  46800000     38.312579     -1.219235
  46900000     38.375806     -1.249383
  47000000     38.439450     -1.240373
  47100000     38.531515     -1.099722
  47200000     38.609245     -1.281133
  47300000     38.709921     -1.308044
  47400000     38.797849     -1.300129
  47500000     38.868912     -1.276807
  47600000     38.925607     -1.130905
  47700000     39.022569     -1.254091
  47800000     39.112001     -1.334858
  47900000     39.187919     -1.216435
  48000000     39.254155     -1.199969
  48100000     39.328274     -1.149315
  48200000     39.401160     -1.138801
  48300000     39.472355     -1.117857
  48400000     39.558052     -1.172480
  48500000     39.640684     -1.222799
  48600000     39.727922     -1.225014
  48700000     39.784387     -1.381674
  48800000     39.863441     -1.376539
  48900000     39.908273     -1.440373
  49000000     39.985706     -1.448021
  49100000     40.084723     -1.377565
  49200000     40.166245     -1.298558
  49300000     40.245011     -1.200170
  49400000     40.313482     -1.302599
  49500000     40.392007     -1.230169
  49600000     40.459326     -1.163864
  49700000     40.549167     -1.200599
  49800000     40.651208     -1.438124
  49900000     40.733194     -1.148055
  50000000     40.803132     -1.107233
