         0      3.000000      0.000000
    100000      3.049027      0.047646
    200000      3.111810      0.089744
    300000      3.197798      0.061896
    400000      3.280060      0.045730
    500000      3.324487      0.126171
    600000      3.385108      0.140418
    700000      3.446690      0.058888
    800000      3.520060      0.182631
    900000      3.592501      0.132195
   1000000      3.657092      0.142097
   1100000      3.678818      0.329592
   1200000      3.738833      0.338293
   1300000      3.930714      0.159220
   1400000      4.001324      0.182360
   1500000      4.050492      0.222584
   1600000      4.102003      0.270646
   1700000      4.195269      0.274143
   1800000      4.239871      0.355326
   1900000      4.335967      0.374679
   2000000      4.401464      0.426773
   2100000      4.448038      0.495801
   2200000      4.474562      0.575670
   2300000      4.583968      0.560114
   2400000      4.663111      0.588274
   2500000      4.789436      0.430169
   2600000      4.890309      0.384713
   2700000      4.961177      0.291180
   2800000      5.035075      0.330933
   2900000      5.094863      0.276483
   3000000      5.150484      0.528875
   3100000      5.242395      0.485006
   3200000      5.319476      0.450608
   3300000      5.377134      0.509031
   3400000      5.454519      0.477558
   3500000      5.539081      0.486995
   3600000      5.591721      0.619235
   3700000      5.657756      0.689439
   3800000      5.685659      0.764330
   3900000      5.809481      0.681089
   4000000      5.936280      0.589564
   4100000      6.026308      0.560508
   4200000      6.087796      0.632569
   4300000      6.153616      0.553123
   4400000      6.230051      0.589118
   4500000      6.291164      0.673876
   4600000      6.373338      0.673692
   4700000      6.439865      0.691313
   4800000      6.509736      0.692979
   4900000      6.647538      0.500741
   5000000      6.725080      0.518952
   5100000      6.783722      0.512045
   5200000      6.869819      0.412387
   5300000      6.916411      0.318367
   5400000      6.986218      0.498237
   5500000      7.061817      0.516008
   5600000      7.132058      0.388693
   5700000      7.217246      0.484618
   5800000      7.271692      0.377834
   5900000      7.383895      0.362445
   6000000      7.485392      0.448893
   6100000      7.570817      0.388871
   6200000      7.642108      0.304133
   6300000      7.734603      0.365855
   6400000      7.801743      0.293432
   6500000      7.856353      0.534406
   6600000      7.919136      0.549501
   6700000      8.009245      0.570334
   6800000      8.105164      0.414718
   6900000      8.179315      0.530250
   7000000      8.243023      0.577874
   7100000      8.323908      0.570927
   7200000      8.397258      0.494233
   7300000      8.475773      0.400478
   7400000      8.479901      0.279737
   7500000      8.589552      0.362268
   7600000      8.647907      0.368768
   7700000      8.715242      0.323035
   7800000      8.822052      0.318935
   7900000      8.863011      0.206124
   8000000      8.913844      0.158278
   8100000      9.085334      0.303125
   8200000      9.109441      0.178987
   8300000      9.125165      0.110237
   8400000      9.171817      0.061901
   8500000      9.207226      0.006614
   8600000      9.395322      0.101744
   8700000      9.575869      0.292449
   8800000      9.659001      0.324697
   8900000      9.747658      0.347825
   9000000      9.804192      0.436134
   9100000      9.894332      0.284606
   9200000      9.977913      0.356827
   9300000     10.050349      0.286985
   9400000     10.143600      0.287901
   9500000     10.231048      0.316315
   9600000     10.313277      0.421151
   9700000     10.398963      0.416870
   9800000     10.458386      0.383396
   9900000     10.534847      0.356216
  10000000     10.617817      0.364131
  10100000     10.692138      0.446379
  10200000     10.742332      0.377585
  10300000     10.814268      0.401858
  10400000     10.894096      0.397558
  10500000     10.969890      0.443870
  10600000     11.047891      0.341756
  10700000     11.101002      0.317116
  10800000     11.179630      0.355156
  10900000     11.272781      0.501000
  11000000     11.332375      0.520560
  11100000     11.448903      0.301201
  11200000     11.517690      0.382387
  11300000     11.566220      0.483333
  11400000     11.630097      0.517249
  11500000     11.695499      0.492888
  11600000     11.754893      0.537375
  11700000     11.832625      0.504419
  11800000     11.911581      0.467370
  11900000     11.964733      0.490626
  12000000     12.078066      0.233097
  12100000     12.154435      0.157247
  12200000     12.205946      0.048088
  12300000     12.263026     -0.035899
  12400000     12.288470     -0.170469
  12500000     12.460186      0.078943
  12600000     12.528065      0.084006
  12700000     12.586169     -0.003014
  12800000     12.661547      0.040909
  12900000     12.754884      0.069123
  13000000     12.828702      0.019534
  13100000     12.899329     -0.051411
  13200000     12.964990     -0.050296
  13300000     13.059255     -0.030855
  13400000     13.156658     -0.022175
  13500000     13.263292      0.125001
  13600000     13.353491      0.153109
  13700000     13.418998      0.142703
  13800000     13.492634      0.163760
  13900000     13.523534      0.369422
  14000000     13.618224      0.320237
  14100000     13.702588      0.359132
  14200000     13.745081      0.431715
  14300000     13.838848      0.379361
  14400000     13.862823      0.445063
  14500000     13.898300      0.526251
  14600000     13.875415      0.666404
  14700000     13.983563      0.673861
  14800000     13.986154      0.767879
  14900000     14.028898      0.861550
  15000000     14.053544      0.923246
  15100000     14.268530      0.913344
  15200000     14.379552      0.899384
  15300000     14.408192      0.982253
  15400000     14.489587      0.985116
  15500000     14.627388      0.905394
  15600000     14.705580      0.909358
  15700000     14.737377      1.025337
  15800000     14.769586      1.073839
  15900000     14.919999      1.015695
  16000000     14.970883      1.025029
  16100000     15.001527      1.115017
  16200000     15.042354      1.167863
  16300000     15.105321      1.215065
  16400000     15.107866      1.355939
  16500000     15.211273      1.371398
  16600000     15.437614      1.205321
  16700000     15.501709      1.269466
  16800000     15.579545      1.289072
  16900000     15.622042      1.361677
  17000000     15.674478      1.396775
  17100000     15.778984      1.296987
  17200000     15.827456      1.391119
  17300000     15.938183      1.285063
  17400000     16.002502      1.253866
  17500000     16.090453      1.260545
  17600000     16.172834      1.198610
  17700000     16.242503      1.162645
  17800000     16.293008      1.153638
  17900000     16.404478      1.355593
  18000000     16.469517      1.431606
  18100000     16.549436      1.390503
  18200000     16.633661      1.409955
  18300000     16.718509      1.303135
  18400000     16.761113      1.572993
  18500000     16.827314      1.599570
  18600000     16.889054      1.641328
  18700000     16.985134      1.384929
  18800000     17.035695      1.335285
  18900000     17.135477      1.408935
  19000000     17.213935      1.636815
  19100000     17.245829      1.687470
  19200000     17.363073      1.603336
  19300000     17.411284      1.696341
  19400000     17.554845      1.642635
  19500000     17.620761      1.677669
  19600000     17.713406      1.654894
  19700000     17.764889      1.684905
  19800000     17.877236      1.503397
  19900000     17.960583      1.616913
  20000000     18.006631      1.682979
  20100000     18.029972      1.773831
  20200000     18.089789      1.818077
  20300000     18.155218      1.867988
  20400000     18.179984      1.913480
  20500000     18.328316      1.864628
  20600000     18.423574      1.779035
  20700000     18.530571      1.756428
  20800000     18.545979      1.919114
  20900000     18.686374      1.752688
  21000000     18.744719      1.815964
  21100000     18.822043      1.796918
  21200000     18.896749      1.821381
  21300000     18.917345      1.910893
  21400000     19.023199      1.865867
  21500000     19.117288      1.778243
  21600000     19.154292      1.913857
  21700000     19.278349      1.804176
  21800000     19.348911      1.696085
  21900000     19.414017      1.720914
  22000000     19.499751      1.845433
  22100000     19.583489      1.809512
  22200000     19.606099      1.955846
  22300000     19.687637      1.970466
  22400000     19.771575      1.923202
  22500000     19.859844      1.945969
  22600000     19.929907      1.916503
  22700000     19.984577      1.889933
  22800000     20.066355      1.906007
  22900000     20.120669      1.856122
  23000000     20.194962      1.810529
  23100000     20.274325      1.881064
  23200000     20.323113      1.889470
  23300000     20.398768      1.899429
  23400000     20.476807      1.772653
  23500000     20.547335      1.698244
  23600000     20.604937      1.637498
  23700000     20.736911      1.865745
  23800000     20.801630      1.836397
  23900000     20.889910      1.870219
  24000000     20.958172      1.827487
  24100000     21.013851      1.640954
  24200000     21.098783      1.669126
  24300000     21.152342      1.656660
  24400000     21.294213      1.982097
  24500000     21.356552      2.054128
  24600000     21.467484      1.947377
  24700000     21.552207      1.924394
  24800000     21.588016      2.041166
  24900000     21.705682      1.838701
  25000000     21.773452      1.821113
  25100000     21.858826      1.697457
  25200000     21.907716      1.713331
  25300000     21.953591      1.694126
  25400000     22.049149      1.794252
  25500000     22.109840      1.850339
  25600000     22.173023      1.959235
  25700000     22.299501      1.855392
  25800000     22.349925      1.871827
  25900000     22.373842      1.987839
  26000000     22.454382      1.977546
  26100000     22.544378      1.960114
  26200000     22.617702      1.967899
  26300000     22.722507      1.928995
  26400000     22.810100      1.734783
  26500000     22.860196      1.883884
  26600000     22.930463      1.906099
  26700000     23.020686      1.867739
  26800000     23.105464      1.975110
  26900000     23.172084      1.926494
  27000000     23.262061      1.873752
  27100000     23.328775      2.122459
  27200000     23.409272      2.132590
  27300000     23.489152      2.043330
  27400000     23.568820      2.042856
  27500000     23.649050      2.093902
  27600000     23.731720      2.167638
  27700000     23.792808      2.195119
  27800000     23.886248      2.033368
  27900000     23.962796      2.108890
  28000000     24.032375      2.229423
  28100000     24.136512      2.134504
  28200000     24.210961      2.102618
  28300000     24.283061      2.243347
  28400000     24.391632      2.148430
  28500000     24.467282      2.147991
  28600000     24.533256      2.109029
  28700000     24.621402      2.045446
  28800000     24.694165      1.997191
  28900000     24.746611      1.941509
  29000000     24.828992      1.950952
  29100000     24.914103      2.033764
  29200000     24.974314      2.070717
  29300000     25.037734      2.057782
  29400000     25.121883      1.921585
  29500000     25.209875      1.784152
  29600000     25.277694      1.862746
  29700000     25.360204      1.839862
  29800000     25.409534      1.848953
  29900000     25.460288      1.861636
  30000000     25.535962      1.910829
  30100000     25.588181      1.818596
  30200000     25.674340      1.678153
  30300000     25.725537      1.897104
  30400000     25.810837      1.908486
  30500000     25.870125      1.893954
  30600000     25.921011      1.911527
  30700000     26.010562      1.706572
  30800000     26.091331      1.675991
  30900000     26.125507      1.558208
  31000000     26.228237      1.631723
  31100000     26.327746      1.722382
  31200000     26.400294      1.761924
  31300000     26.465922      1.785217
  31400000     26.500361      1.872645
  31500000     26.638354      1.741182
  31600000     26.729516      1.680430
  31700000     26.804720      1.631733
  31800000     26.874236      1.665757
  31900000     26.946977      1.741969
  32000000     27.024810      1.801972
  32100000     27.091031      1.779917
  32200000     27.178976      1.709358
  32300000     27.248551      1.634416
  32400000     27.279833      1.523718
  32500000     27.293688      1.459139
  32600000     27.354047      1.449214
  32700000     27.392987      1.396178
  32800000     27.287232      1.194917
  32900000     27.349696      1.154766
  33000000     27.406087      1.088757
  33100000     27.558834      1.103931
  33200000     27.584803      1.039780
  33300000     27.735131      1.059199
  33400000     27.687595      0.946604
  33500000     27.692112      0.868266
  33600000     27.833660      0.902403
  33700000     27.935584      0.877755
  33800000     28.004822      0.848826
  33900000     28.040732      0.763180
  34000000     28.060304      0.710476
  34100000     28.045961      0.645041
  34200000     28.468749      0.971024
  34300000     28.549991      0.995260
  34400000     28.519814      0.732133
  34500000     28.511396      0.634730
  34600000     28.508529      0.585827
  34700000     28.577800      0.498555
  34800000     28.679822      0.498309
  34900000     28.794851      0.499967
  35000000     28.739674      0.390409
  35100000     28.741762      0.345620
  35200000     28.717988      0.276270
  35300000     28.756853      0.203559
  35400000     28.767052      0.145855
  35500000     28.660459      0.092215
  35600000     28.705421      0.019118
  35700000     28.824091     -0.041767
  35800000     29.079457     -0.034415
  35900000     29.447131      0.195510
  36000000     29.510484      0.208816
  36100000     29.552376      0.102641
  36200000     29.649226      0.163310
  36300000     29.730679      0.160997
  36400000     29.802425      0.162171
  36500000     29.871441      0.112631
  36600000     29.983083      0.145618
  36700000     30.059861     -0.044319
  36800000     30.130173     -0.088595
  36900000     30.160976     -0.149064
  37000000     30.193178     -0.212986
  37100000     30.324075     -0.156481
  37200000     30.306987     -0.298183
  37300000     30.332126     -0.369152
  37400000     30.559558     -0.290093
  37500000     30.632138     -0.310509
  37600000     30.762984     -0.294694
  37700000     30.800716     -0.370464
  37800000     30.861697     -0.446995
  37900000     30.933421     -0.494879
  38000000     30.998917     -0.506196
  38100000     31.027922     -0.573676
  38200000     31.125416     -0.556267
  38300000     31.226548     -0.477847
  38400000     31.348717     -0.407258
  38500000     31.429317     -0.431608
  38600000     31.496738     -0.511097
  38700000     31.542117     -0.612936
  38800000     31.635732     -0.537982
  38900000     31.723039     -0.457534
  39000000     31.794750     -0.471787
  39100000     31.881881     -0.472932
  39200000     31.935490     -0.450114
  39300000     32.010035     -0.581435
  39400000     32.065033     -0.659056
  39500000     32.141307     -0.640300
  39600000     32.194460     -0.745945
  39700000     32.331473     -0.538279
  39800000     32.499644     -0.346892
  39900000     32.556507     -0.491218
  40000000     32.645316     -0.412514
  40100000     32.708462     -0.392690
  40200000     32.793595     -0.330133
  40300000     32.842282     -0.312338
  40400000     32.927751     -0.417140
  40500000     33.011638     -0.500964
  40600000     33.045210     -0.658835
  40700000     33.144883     -0.628559
  40800000     33.164110     -0.783112
  40900000     33.147573     -0.902021
  41000000     33.374214     -0.518305
  41100000     33.437830     -0.513282
  41200000     33.530891     -0.565816
  41300000     33.604092     -0.575045
  41400000     33.693763     -0.532252
  41500000     33.739592     -0.547551
  41600000     33.816397     -0.560680
  41700000     33.906070     -0.530915
  41800000     33.976732     -0.493239
  41900000     34.068817     -0.482649
  42000000     34.116283     -0.605676
  42100000     34.187953     -0.448016
  42200000     34.273910     -0.592466
  42300000     34.357112     -0.466177
  42400000     34.421068     -0.472121
  42500000     34.524046     -0.551023
  42600000     34.587605     -0.412028
  42700000     34.711783     -0.541161
  42800000     34.786863     -0.536589
  42900000     34.878627     -0.441474
  43000000     34.940269     -0.416820
  43100000     34.970307     -0.317248
  43200000     35.094370     -0.443504
  43300000     35.170337     -0.415464
  43400000     35.217879     -0.325398
  43500000     35.271847     -0.300458
  43600000     35.385833     -0.497448
  43700000     35.453048     -0.529855
  43800000     35.439590     -0.734922
  43900000     35.481760     -0.780515
  44000000     35.667919     -0.542745
  44100000     35.756128     -0.429399
  44200000     35.829147     -0.495992
  44300000     35.898856     -0.511221
  44400000     35.941513     -0.548617
  44500000     35.992193     -0.615092
  44600000     36.132168     -0.277114
  44700000     36.205775     -0.290581
  44800000     36.253841     -0.152790
  44900000     36.327443     -0.252175
  45000000     36.416246     -0.192214
  45100000     36.481559     -0.188078
  45200000     36.570138     -0.162072
  45300000     36.598953     -0.036520
  45400000     36.669908     -0.021567
  45500000     36.725169      0.001662
  45600000     36.860136     -0.066209
  45700000     36.935160     -0.079539
  45800000     37.027154     -0.028503
  45900000     37.085941      0.004059
  46000000     37.169733      0.008877
  46100000     37.223908      0.063616
  46200000     37.262565      0.167755
  46300000     37.314501      0.224628
  46400000     37.404155      0.238083
  46500000     37.483740      0.254286
  46600000     37.499613      0.321393
  46700000     37.560029      0.379324
  46800000     37.610226      0.418667
  46900000     37.727187      0.339491
  47000000     37.780403      0.409805
  47100000     37.908692      0.344844
  47200000     38.011356      0.254229
  47300000     38.086800      0.313084
  47400000     38.208162      0.236352
  47500000     38.275800      0.113848
  47600000     38.376933      0.169177
  47700000     38.444250      0.247145
  47800000     38.485790      0.390775
  47900000     38.526607      0.541900
  48000000     38.567683      0.602842
  48100000     38.546497      0.718713
  48200000     38.721637      0.630036
  48300000     38.760716      0.729221
  48400000     38.877879      0.730133
  48500000     38.933103      0.762410
  48600000     39.099528      0.594721
  48700000     39.152700      0.665894
  48800000     39.267744      0.556594
  48900000     39.334931      0.498505
  49000000     39.411621      0.542488
  49100000     39.485697      0.548333
  49200000     39.564929      0.495851
  49300000     39.616487      0.540739
  49400000     39.666478      0.520909
  49500000     39.745977      0.594120
  49600000     39.838657      0.561788
  49700000     39.910275      0.551561
  49800000     39.934544      0.669520
  49900000     40.053574      0.612634
  50000000     40.033221      0.780705
