         0      3.000000      0.000000
    100000      3.055949      0.080465
    200000      3.140160      0.008345
    300000      3.230928      0.026243
    400000      3.294062     -0.072866
    500000      3.369299     -0.130411
    600000      3.452895     -0.137055
    700000      3.491664     -0.256206
    800000      3.563521     -0.248559
    900000      3.678530     -0.211027
   1000000      3.806991      0.042249
   1100000      3.861551      0.077232
   1200000      3.917067     -0.032130
   1300000      3.987871     -0.047097
   1400000      4.052752     -0.054289
   1500000      4.080809     -0.169357
   1600000      4.192028     -0.074086
   1700000      4.259370     -0.077174
   1800000      4.323982     -0.107625
   1900000      4.419424     -0.142087
   2000000      4.482317     -0.041626
   2100000      4.536463     -0.027394
   2200000      4.611619      0.017817
   2300000      4.716711     -0.175217
   2400000      4.756371     -0.205492
   2500000      4.822251     -0.315679
   2600000      4.831144     -0.402291
   2700000      4.930606     -0.388661
   2800000      5.041895     -0.368655
   2900000      5.139527     -0.359211
   3000000      5.164597     -0.464432
   3100000      5.239057     -0.519983
   3200000      5.256502     -0.589745
   3300000      5.435021     -0.436943
   3400000      5.509229     -0.399685
   3500000      5.609030     -0.333450
   3600000      5.699230     -0.266372
   3700000      5.762682     -0.248945
   3800000      5.791027     -0.131875
   3900000      5.856503     -0.091191
   4000000      5.974173     -0.121693
   4100000      6.073991     -0.291412
   4200000      6.133470     -0.339533
   4300000      6.221391     -0.226094
   4400000      6.265826     -0.354311
   4500000      6.353365     -0.300869
   4600000      6.415595     -0.290216
   4700000      6.504930     -0.320463
   4800000      6.575344     -0.300558
   4900000      6.633769     -0.176200
   5000000      6.729626     -0.315204
   5100000      6.781879     -0.298313
   5200000      6.884671     -0.377333
   5300000      7.009523     -0.369069
   5400000      7.095660     -0.368409
   5500000      7.180572     -0.359888
   5600000      7.242189     -0.444895
   5700000      7.334622     -0.478414
   5800000      7.416137     -0.400753
   5900000      7.499351     -0.369962
   6000000      7.600234     -0.341223
   6100000      7.661416     -0.332641
   6200000      7.723778     -0.279312
   6300000      7.819825     -0.535937
   6400000      7.897968     -0.491998
   6500000      7.974180     -0.501427
   6600000      8.047778     -0.539677
   6700000      8.081242     -0.664010
   6800000      8.163753     -0.658128
   6900000      8.234945     -0.704336
   7000000      8.397575     -0.539241
   7100000      8.456644     -0.573640
   7200000      8.543484     -0.474522
   7300000      8.623321     -0.529984
   7400000      8.679195     -0.658498
   7500000      8.768287     -0.679429
   7600000      8.852858     -0.604246
   7700000      8.939087     -0.680018
   7800000      9.016766     -0.632574
   7900000      9.118042     -0.696576
   8000000      9.186349     -0.757408
   8100000      9.245457     -0.788248
   8200000      9.333122     -0.695257
   8300000      9.417229     -0.667001
   8400000      9.481478     -0.579375
   8500000      9.524477     -0.542162
   8600000      9.576075     -0.462708
   8700000      9.652259     -0.454296
   8800000      9.709227     -0.433595
   8900000      9.767981     -0.357919
   9000000      9.838529     -0.343034
   9100000      9.870167     -0.263027
   9200000      9.999549     -0.308007
   9300000     10.077199     -0.329278
   9400000     10.067338     -0.211893
   9500000     10.135713     -0.200064
   9600000     10.228348     -0.253293
   9700000     10.237353     -0.121130
   9800000     10.397731     -0.272705
   9900000     10.490741     -0.311626
  10000000     10.562431     -0.381677
  10100000     10.642964     -0.399484
  10200000     10.736190     -0.246749
  10300000     10.827316     -0.305092
  10400000     10.926284     -0.373628
  10500000     10.979339     -0.276236
  10600000     11.038751     -0.323321
  10700000     11.104679     -0.273197
  10800000     11.182001     -0.309483
  10900000     11.266815     -0.282024
  11000000     11.327365     -0.228941
  11100000     11.405836     -0.279031
  11200000     11.482816     -0.248107
  11300000     11.561211     -0.274118
  11400000     11.616043     -0.152705
  11500000     11.709275     -0.330192
  11600000     11.789679     -0.335918
  11700000     11.860822     -0.337162
  11800000     11.943986     -0.330504
  11900000     12.003280     -0.300915
  12000000     12.082950     -0.329887
  12100000     12.156188     -0.435951
  12200000     12.180685     -0.614124
  12300000     12.297591     -0.548715
  12400000     12.356030     -0.551479
  12500000     12.384502     -0.653587
  12600000     12.499632     -0.511261
  12700000     12.535758     -0.632302
  12800000     12.622407     -0.686915
  12900000     12.727968     -0.559770
  13000000     12.795189     -0.608470
  13100000     12.873568     -0.552490
  13200000     12.943211     -0.575446
  13300000     13.007759     -0.693730
  13400000     13.078320     -0.757539
  13500000     13.150317     -0.757309
  13600000     13.183380     -0.836334
  13700000     13.314666     -0.804928
  13800000     13.411099     -0.789617
  13900000     13.495928     -0.810918
  14000000     13.580852     -0.744253
  14100000     13.608408     -0.863309
  14200000     13.685445     -0.883335
  14300000     13.725755     -0.931071
  14400000     13.830119     -0.938039
  14500000     13.820502     -1.080842
  14600000     13.950457     -1.040567
  14700000     14.097953     -0.928152
  14800000     14.196084     -0.820459
  14900000     14.261455     -0.882574
  15000000     14.358080     -0.865157
  15100000     14.452557     -0.700284
  15200000     14.532393     -0.808816
  15300000     14.632310     -0.682107
  15400000     14.718261     -0.693868
  15500000     14.801326     -0.706933
  15600000     14.883361     -0.719157
  15700000     14.961036     -0.721860
  15800000     15.012135     -0.672181
  15900000     15.085160     -0.543341
  16000000     15.192995     -0.526708
  16100000     15.252889     -0.472325
  16200000     15.334311     -0.470734
  16300000     15.416161     -0.571201
  16400000     15.491151     -0.483002
  16500000     15.586030     -0.524594
  16600000     15.664193     -0.483551
  16700000     15.726878     -0.457755
  16800000     15.824996     -0.628380
  16900000     15.871789     -0.477078
  17000000     15.963465     -0.519730
  17100000     16.012117     -0.429924
  17200000     16.143956     -0.775910
  17300000     16.219883     -0.848519
  17400000     16.285619     -0.891448
  17500000     16.294621     -1.030812
  17600000     16.391228     -1.046711
  17700000     16.441362     -1.137351
  17800000     16.495785     -1.175642
  17900000     16.612494     -1.111685
  18000000     16.698423     -1.074811
  18100000     16.759818     -1.126515
  18200000     16.838570     -1.114660
  18300000     17.013798     -0.642523
  18400000     17.085833     -0.668097
  18500000     17.167641     -0.635540
  18600000     17.232910     -0.563697
  18700000     17.261044     -0.481465
  18800000     17.379934     -0.741329
  18900000     17.451715     -0.698112
  19000000     17.505781     -0.792589
  19100000     17.584729     -0.702284
  19200000     17.708761     -0.661865
  19300000     17.767395     -0.535015
  19400000     17.849208     -0.498124
  19500000     17.935719     -0.569587
  19600000     17.993885     -0.544289
  19700000     18.101004     -0.421196
  19800000     18.186379     -0.457544
  19900000     18.268517     -0.651625
  20000000     18.331671     -0.733422
  20100000     18.386301     -0.580737
  20200000     18.409708     -0.523966
  20300000     18.550268     -0.622382
  20400000     18.622659     -0.845970
  20500000     18.651743     -0.963018
  20600000     18.757883     -0.801875
  20700000     18.798347     -0.983599
  20800000     18.828659     -0.975595
  20900000     18.836405     -1.067215
  21000000     18.940129     -1.017890
  21100000     19.035759     -1.004069
  21200000     19.078735     -1.245854
  21300000     19.144928     -1.244712
  21400000     19.171740     -1.319536
  21500000     19.212226     -1.349015
  21600000     19.340973     -1.219151
  21700000     19.429123     -1.061271
  21800000     19.500515     -1.095282
  21900000     19.583062     -1.054674
  22000000     19.681148     -1.124235
  22100000     19.764569     -0.992470
  22200000     19.788732     -0.826109
  22300000     19.910279     -0.975935
  22400000     19.896845     -0.809730
  22500000     19.980856     -0.787498
  22600000     20.073285     -0.854803
  22700000     20.122768     -0.747645
  22800000     20.143864     -0.655813
  22900000     20.211943     -0.632098
  23000000     20.252062     -0.586372
  23100000     20.361343     -0.571897
  23200000     20.418525     -0.547664
  23300000     20.453151     -0.432138
  23400000     20.492667     -0.403830
  23500000     20.566273     -0.384999
  23600000     20.568666     -0.304181
  23700000     20.618327     -0.264689
  23800000     20.648979     -0.193860
  23900000     20.767469     -0.210154
  24000000     20.690836     -0.063851
  24100000     20.874803     -0.106679
  24200000     20.918651     -0.052293
  24300000     20.956004     -0.006744
  24400000     20.863667      0.082278
  24500000     20.888729      0.154120
  24600000     21.053366      0.184777
  24700000     21.148716      0.227468
  24800000     21.282412      0.278900
  24900000     21.317212      0.338801
  25000000     21.412681      0.359496
  25100000     21.461288      0.396100
  25200000     21.506252      0.453723
  25300000     21.479779      0.521971
  25400000     21.597632      0.563315
  25500000     21.658934      0.602387
  25600000     21.936350      0.452147
  25700000     22.060750      0.368220
  25800000     22.108347      0.422250
  25900000     22.175087      0.474712
  26000000     22.246490      0.508031
  26100000     22.367875      0.407626
  26200000     22.411917      0.536013
  26300000     22.483529      0.580034
  26400000     22.536765      0.600832
  26500000     22.612747      0.614392
  26600000     22.679567      0.666611
  26700000     22.802768      0.543387
  26800000     22.862826      0.594676
  26900000     22.911798      0.644273
  27000000     22.983763      0.631066
  27100000     23.055937      0.692734
  27200000     23.125474      0.773332
  27300000     23.190144      0.770635
  27400000     23.329881      0.597599
  27500000     23.402228      0.633469
  27600000     23.472244      0.733290
  27700000     23.557416      0.748617
  27800000     23.617000      0.740512
  27900000     23.691224      0.767497
  28000000     23.765019      0.658099
  28100000     23.813083      0.628221
  28200000     23.879429      0.646711
  28300000     23.977302      0.820352
  28400000     24.065966      0.720724
  28500000     24.146507      0.708605
  28600000     24.208612      0.652186
  28700000     24.299824      0.772519
  28800000     24.356645      0.842018
  28900000     24.438082      0.830662
  29000000     24.526663      0.734715
  29100000     24.591674      0.813436
  29200000     24.678221      0.663322
  29300000     24.729326      0.711370
  29400000     24.801994      0.757025
  29500000     24.873455      0.605098
  29600000     24.927142      0.608570
  29700000     24.988299      0.594702
  29800000     25.058867      0.678982
  29900000     25.154573      0.523337
  30000000     25.227931      0.611144
  30100000     25.295539      0.717911
  30200000     25.363810      0.739573
  30300000     25.443138      0.708648
  30400000     25.539588      0.621631
  30500000     25.612909      0.609609
  30600000     25.678588      0.688996
  30700000     25.762730      0.636040
  30800000     25.815821      0.731793
  30900000     25.914051      0.631284
  31000000     25.979432      0.632870
  31100000     26.047358      0.587788
  31200000     26.144914      0.705663
  31300000     26.221569      0.857339
  31400000     26.258101      1.007735
  31500000     26.356745      0.950832
  31600000     26.412978      1.006455
  31700000     26.463831      1.081337
  31800000     26.622548      0.937112
  31900000     26.661741      1.075263
  32000000     26.752326      1.049019
  32100000     26.826423      1.062333
  32200000     26.878731      1.123701
  32300000     26.927610      1.151682
  32400000     27.082359      0.979745
  32500000     27.141440      1.021931
  32600000     27.137440      1.219169
  32700000     27.241601      1.192096
  32800000     27.296101      1.239264
  32900000     27.403963      1.172025
  33000000     27.473120      1.189778
  33100000     27.555853      1.181220
  33200000     27.652176      1.154227
  33300000     27.727520      1.123893
  33400000     27.812684      1.147041
  33500000     27.892040      1.157324
  33600000     27.985141      1.195980
  33700000     28.052723      1.126956
  33800000     28.128086      1.171468
  33900000     28.205387      1.256110
  34000000     28.311022      1.200585
  34100000     28.380348      1.141994
  34200000     28.456086      1.119483
  34300000     28.492532      0.957603
  34400000     28.584902      1.013546
  34500000     28.656646      1.131170
  34600000     28.761319      1.103910
  34700000     28.842821      1.049510
  34800000     28.896556      0.973190
  34900000     28.968877      0.975713
  35000000     29.043332      0.978921
  35100000     29.137111      1.113977
  35200000     29.177340      1.224567
  35300000     29.290308      1.051013
  35400000     29.375182      1.131752
  35500000     29.466664      1.108154
  35600000     29.553571      1.086918
  35700000     29.639647      1.141227
  35800000     29.700033      1.233159
  35900000     29.768471      1.165341
  36000000     29.882165      1.071207
  36100000     29.918023      1.001869
  36200000     30.022102      1.231184
  36300000     30.098136      1.284109
  36400000     30.181579      1.206300
  36500000     30.258977      1.212361
  36600000     30.377540      1.187759
  36700000     30.437813      1.148844
  36800000     30.524463      1.193943
  36900000     30.588711      1.095644
  37000000     30.673647      1.137846
  37100000     30.745210      1.065067
  37200000     30.789025      1.004817
  37300000     30.853469      0.975927
  37400000     30.982627      1.118194
  37500000     31.037662      1.054660
  37600000     31.075016      1.009060
  37700000     31.225486      1.430116
  37800000     31.313663      1.366059
  37900000     31.376109      1.422387
  38000000     31.480576      1.397597
  38100000     31.566245      1.417051
  38200000     31.621604      1.444741
  38300000     31.704220      1.511145
  38400000     31.744282      1.581637
  38500000     31.842948      1.528064
  38600000     31.961092      1.321754
  38700000     32.015813      1.279814
  38800000     32.139025      1.464672
  38900000     32.218457      1.423528
  39000000     32.283233      1.393723
  39100000     32.329076      1.362682
  39200000     32.375320      1.308027
  39300000     32.428091      1.261975
  39400000     32.493868      1.223824
  39500000     32.633895      1.441487
  39600000     32.725349      1.357477
  39700000     32.787607      1.357244
  39800000     32.870215      1.303502
  39900000     32.945959      1.478528
  40000000     33.009256      1.340583
  40100000     33.101381      1.420698
  40200000     33.190459      1.338124
  40300000     33.256359      1.385166
  40400000     33.307808      1.399678
  40500000     33.381751      1.348599
  40600000     33.461499      1.271159
  40700000     33.521753      1.409208
  40800000     33.623757      1.303682
  40900000     33.662806      1.441058
  41000000     33.738130      1.401756
  41100000     33.843885      1.359740
  41200000     33.903592      1.410562
  41300000     33.968935      1.440795
  41400000     34.033094      1.407000
  41500000     34.100989      1.435189
  41600000     34.174562      1.457989
  41700000     34.266586      1.382427
  41800000     34.355829      1.370194
  41900000     34.421651      1.298903
  42000000     34.492728      1.303097
  42100000     34.559695      1.266096
  42200000     34.637731      1.289757
  42300000     34.726210      1.303719
  42400000     34.779212      1.365477
  42500000     34.818552      1.277577
  42600000     34.845191      1.235671
  42700000     34.982201      1.474926
  42800000     35.053135      1.520988
  42900000     35.129562      1.517999
  43000000     35.167192      1.770909
  43100000     35.258268      1.717603
  43200000     35.330109      1.780999
  43300000     35.368262      1.838923
  43400000     35.499716      1.732620
  43500000     35.548700      1.814288
  43600000     35.651370      1.677451
  43700000     35.719408      1.567494
  43800000     35.807608      1.642773
  43900000     35.882823      1.602140
  44000000     35.969869      1.552757
  44100000     36.009874      1.470571
  44200000     36.123591      1.527547
  44300000     36.213942      1.664303
  44400000     36.313341      1.649075
  44500000     36.395691      1.633587
  44600000     36.474327      1.519411
  44700000     36.557202      1.649061
  44800000     36.631580      1.652877
  44900000     36.714877      1.447644
  45000000     36.795074      1.512355
  45100000     36.872640      1.509561
  45200000     36.939758      1.529626
  45300000     36.983653      1.437564
  45400000     37.105072      1.534726
  45500000     37.191653      1.644318
  45600000     37.264808      1.535049
  45700000     37.357914      1.530632
  45800000     37.455899      1.688899
  45900000     37.513856      1.719251
  46000000     37.602544      1.682272
  46100000     37.670254      1.748492
  46200000     37.724273      1.712004
  46300000     37.760497      1.721702
  46400000     37.805415      1.797786
  46500000     37.855405      1.830497
  46600000     38.083666      1.752087
  46700000     38.133995      1.529917
  46800000     38.208271      1.533792
  46900000     38.329634      1.657504
  47000000     38.421864      1.549302
  47100000     38.490149      1.629221
  47200000     38.557962      1.498366
  47300000     38.617235      1.431433
  47400000     38.726710      1.533705
  47500000     38.787947      1.471577
  47600000     38.863213      1.620899
  47700000     38.928921      1.541624
  47800000     38.992216      1.516683
  47900000     39.059726      1.528226
  48000000     39.153634      1.563024
  48100000     39.199115      1.511847
  48200000     39.259032      1.522058
  48300000     39.363248      1.677338
  48400000     39.426477      1.729317
  48500000     39.496378      1.784270
  48600000     39.549603      1.723207
  48700000     39.622916      1.825986
  48800000     39.715284      1.806932
  48900000     39.781984      1.736244
  49000000     39.849072      1.667712
  49100000     39.896820      1.818100
  49200000     40.009333      1.831105
  49300000     40.080359      1.782720
  49400000     40.146615      1.717239
  49500000     40.217769      1.825426
  49600000     40.305580      1.669213
  49700000     40.375159      1.667892
  49800000     40.451920      1.849514
  49900000     40.526180      1.829137
  50000000     40.577419      1.582722
