         0      3.000000      0.000000
    100000      3.056237     -0.057211
    200000      3.133861     -0.051255
    300000      3.207478     -0.044725
    400000      3.287784      0.043087
    500000      3.391778      0.060031
    600000      3.473438      0.027553
    700000      3.526479      0.087150
    800000      3.624555     -0.035058
    900000      3.694705      0.018906
   1000000      3.765086     -0.056683
   1100000      3.831510     -0.076920
   1200000      3.936479      0.187019
   1300000      4.002111      0.015331
   1400000      4.092813      0.045464
   1500000      4.173173      0.101171
   1600000      4.243887      0.168683
   1700000      4.323738      0.234448
   1800000      4.394011      0.176523
   1900000      4.438090      0.196673
   2000000      4.495865      0.225379
   2100000      4.577071      0.242172
   2200000      4.624169      0.204227
   2300000      4.671953      0.199779
   2400000      4.771549      0.484807
   2500000      4.846217      0.399854
   2600000      4.923044      0.407241
   2700000      4.985571      0.508422
   2800000      5.051771      0.589433
   2900000      5.058783      0.686865
   3000000      5.174863      0.683184
   3100000      5.291733      0.452175
   3200000      5.377180      0.525180
   3300000      5.451307      0.427568
   3400000      5.530084      0.511344
   3500000      5.587788      0.438805
   3600000      5.661388      0.553545
   3700000      5.714652      0.574313
   3800000      5.812482      0.507040
   3900000      5.875419      0.534996
   4000000      5.895754      0.685655
   4100000      5.952862      0.699239
   4200000      6.054892      0.713390
   4300000      6.123885      0.739523
   4400000      6.175053      0.811296
   4500000      6.356857      0.601895
   4600000      6.312547      0.822314
   4700000      6.462076      0.741467
   4800000      6.576695      0.606410
   4900000      6.600125      0.734292
   5000000      6.738663      0.607287
   5100000      6.820793      0.577147
   5200000      6.865554      0.655255
   5300000      6.939024      0.700210
   5400000      7.006516      0.747903
   5500000      7.120208      0.664788
   5600000      7.208720      0.601470
   5700000      7.270661      0.618059
   5800000      7.340216      0.720202
   5900000      7.389233      0.877856
   6000000      7.409035      0.976356
   6100000      7.534374      0.912401
   6200000      7.501677      1.080634
   6300000      7.594857      1.081797
   6400000      7.647056      1.128136
   6500000      7.675241      1.191688
   6600000      7.689014      1.291222
   6700000      7.715166      1.359312
   6800000      7.701988      1.435132
   6900000      7.898129      1.383984
   7000000      7.902295      1.477453
   7100000      7.944840      1.549101
   7200000      7.927186      1.638573
   7300000      8.070273      1.600767
   7400000      8.063005      1.694659
   7500000      8.165066      1.677734
   7600000      8.277168      1.701549
   7700000      8.255789      1.815483
   7800000      8.328014      1.903826
   7900000      8.586507      1.734626
   8000000      8.679906      1.717503
   8100000      8.724108      1.855481
   8200000      8.815147      1.803153
   8300000      8.908701      1.859507
   8400000      9.014364      1.802073
   8500000      9.089183      1.817958
   8600000      9.154958      1.841153
   8700000      9.243963      1.807487
   8800000      9.309931      1.727953
   8900000      9.424501      1.870763
   9000000      9.493334      1.841616
   9100000      9.563141      1.923481
   9200000      9.640491      1.859462
   9300000      9.708935      1.910484
   9400000      9.784727      1.902608
   9500000      9.881997      1.884244
   9600000      9.939398      1.933679
   9700000      9.952001      2.134347
   9800000     10.087986      1.960105
   9900000     10.140328      2.081397
  10000000     10.227860      2.095127
  10100000     10.343618      1.864896
  10200000     10.431339      1.956439
  10300000     10.505871      1.894705
  10400000     10.573939      1.860248
  10500000     10.664932      1.802117
  10600000     10.736226      1.967697
  10700000     10.786844      2.069483
  10800000     10.870655      2.030872
  10900000     10.910728      2.111375
  11000000     11.041049      1.974082
  11100000     11.103416      1.741408
  11200000     11.193960      1.803203
  11300000     11.231895      1.642953
  11400000     11.315428      1.696388
  11500000     11.409383      1.732531
  11600000     11.501525      1.781354
  11700000     11.573564      1.881429
  11800000     11.629407      1.931422
  11900000     11.715623      1.846484
  12000000     11.794947      1.851376
  12100000     11.883109      1.846028
  12200000     11.929082      1.897502
  12300000     12.033018      1.836715
  12400000     12.066314      1.901931
  12500000     12.206402      1.752917
  12600000     12.272660      1.674088
  12700000     12.334837      1.595695
  12800000     12.379806      1.509065
  12900000     12.510190      1.632003
  13000000     12.593335      1.683556
  13100000     12.672470      1.762807
  13200000     12.730284      1.866815
  13300000     12.795381      1.693026
  13400000     12.873953      1.653091
  13500000     12.960634      1.740195
  13600000     13.050478      1.752544
  13700000     13.101542      1.868602
  13800000     13.171304      1.952207
  13900000     13.249716      1.741126
  14000000     13.335135      1.959750
  14100000     13.405727      1.922303
  14200000     13.489568      1.717086
  14300000     13.564729      1.730650
  14400000     13.661068      1.822229
  14500000     13.727709      1.745283
  14600000     13.777443      1.896368
  14700000     13.848977      1.919163
  14800000     13.863063      1.984604
  14900000     13.903385      2.042484
  15000000     14.133934      1.764796
  15100000     14.203125      1.810951
  15200000     14.283933      1.878541
  15300000     14.359548      1.725694
  15400000     14.449889      1.763852
  15500000     14.511522      1.792956
  15600000     14.609244      1.832404
  15700000     14.660474      1.989144
  15800000     14.732362      1.990776
  15900000     14.797223      2.005356
  16000000     14.856908      2.073717
  16100000     14.913987      2.136863
  16200000     14.965880      2.231585
  16300000     15.049161      2.220038
  16400000     15.131760      2.291969
  16500000     15.197095      2.325451
  16600000     15.272182      2.294606
  16700000     15.322433      2.362417
  16800000     15.338678      2.491152
  16900000     15.483790      2.303332
  17000000     15.546775      2.335614
  17100000     15.615339      2.272945
  17200000     15.676060      2.217326
  17300000     15.742619      2.207647
  17400000     15.869601      2.353015
  17500000     15.933249      2.224988
  17600000     16.051283      2.354317
  17700000     16.122378      2.285012
  17800000     16.189725      2.348591
  17900000     16.244891      2.384445
  18000000     16.332062      2.330747
  18100000     16.403555      2.318701
  18200000     16.474567      2.366828
  18300000     16.558952      2.193906
  18400000     16.634830      2.212188
  18500000     16.722534      2.292998
  18600000     16.787087      2.125236
  18700000     16.865841      2.108418
  18800000     16.929435      2.096695
  18900000     17.011097      2.111854
  19000000     17.179316      2.409074
  19100000     17.249499      2.464323
  19200000     17.302103      2.525244
  19300000     17.386620      2.538425
  19400000     17.482278      2.452209
  19500000     17.602150      2.434464
  19600000     17.667506      2.432777
  19700000     17.726948      2.469569
  19800000     17.815931      2.376720
  19900000     17.892297      2.298334
  20000000     17.975048      2.367769
  20100000     18.042082      2.286374
  20200000     18.094336      2.227862
  20300000     18.139317      2.463684
  20400000     18.215511      2.474111
  20500000     18.311071      2.441967
  20600000     18.376800      2.377741
  20700000     18.423613      2.239072
  20800000     18.547531      2.348650
  20900000     18.613221      2.253503
  21000000     18.696920      2.311070
  21100000     18.759803      2.291226
  21200000     18.823791      2.373670
  21300000     18.881078      2.509453
  21400000     18.964994      2.473486
  21500000     19.029071      2.419684
  21600000     19.124594      2.550421
  21700000     19.208620      2.538600
  21800000     19.272124      2.474674
  21900000     19.340388      2.505539
  22000000     19.423565      2.535253
  22100000     19.467478      2.710549
  22200000     19.519484      2.767768
  22300000     19.634869      2.561013
  22400000     19.721285      2.599413
  22500000     19.766016      2.499386
  22600000     19.823631      2.474243
  22700000     19.931180      2.763157
  22800000     20.011686      2.732602
  22900000     20.085711      2.782987
  23000000     20.136629      2.811443
  23100000     20.223782      2.869352
  23200000     20.292395      2.853211
  23300000     20.359837      2.967473
  23400000     20.430825      2.979415
  23500000     20.511076      2.928323
  23600000     20.585863      2.848005
  23700000     20.655280      2.857792
  23800000     20.720634      2.853963
  23900000     20.777721      2.955603
  24000000     20.862088      2.892765
  24100000     20.920983      2.988684
  24200000     21.014052      2.899344
  24300000     21.079461      3.005951
  24400000     21.144904      3.095664
  24500000     21.225339      3.095502
  24600000     21.295742      3.108309
  24700000     21.389136      3.091199
  24800000     21.468948      3.086307
  24900000     21.478559      3.163415
  25000000     21.570444      3.216906
  25100000     21.650717      3.194234
  25200000     21.690736      3.228161
  25300000     21.810832      3.102139
  25400000     21.826681      3.167387
  25500000     21.831174      3.235229
  25600000     22.051906      3.092412
  25700000     22.146739      3.033862
  25800000     22.237765      3.091983
  25900000     22.292278      3.010374
  26000000     22.375253      3.113533
  26100000     22.469930      2.985908
  26200000     22.551873      2.988934
  26300000     22.627691      2.986371
  26400000     22.695845      2.957632
  26500000     22.790050      3.065064
  26600000     22.863932      3.004481
  26700000     22.946649      3.116940
  26800000     23.019364      3.159317
  26900000     23.074093      3.225178
  27000000     23.167423      3.012398
  27100000     23.215007      2.922000
  27200000     23.320563      3.118724
  27300000     23.384183      3.195704
  27400000     23.485769      3.107363
  27500000     23.550464      2.979149
  27600000     23.621972      3.201140
  27700000     23.725114      3.141103
  27800000     23.745713      3.300108
  27900000     23.801053      3.316463
  28000000     23.924799      3.255182
  28100000     23.959483      3.375439
  28200000     24.034023      3.361196
  28300000     24.130567      3.329887
  28400000     24.203642      3.373493
  28500000     24.215104      3.481788
  28600000     24.402609      3.081134
  28700000     24.469544      3.143347
  28800000     24.538492      3.033091
  28900000     24.594256      2.920155
  29000000     24.677225      3.015746
  29100000     24.758512      3.087640
  29200000     24.850235      3.101972
  29300000     24.884226      3.081506
  29400000     24.917679      3.016203
  29500000     25.005993      3.119421
  29600000     25.081789      2.993663
  29700000     25.148609      2.971326
  29800000     25.216072      2.979088
  29900000     25.281931      2.948351
  30000000     25.333958      2.854320
  30100000     25.406509      2.829894
  30200000     25.482963      2.826095
  30300000     25.607734      3.017151
  30400000     25.645235      2.917316
  30500000     25.720740      2.975360
  30600000     25.684165      2.772467
  30700000     25.853159      2.920790
  30800000     25.914369      2.817764
  30900000     25.942758      2.689148
  31000000     26.016720      2.710208
  31100000     26.083389      2.610918
  31200000     26.143270      2.535648
  31300000     26.130697      2.415834
  31400000     26.234921      2.422200
  31500000     26.372323      2.491462
  31600000     26.440459      2.451774
  31700000     26.528850      2.473354
  31800000     26.683613      2.768935
  31900000     26.781771      2.701441
  32000000     26.818181      2.609064
  32100000     26.919359      2.642782
  32200000     26.983963      2.657579
  32300000     27.049085      2.632185
  32400000     27.122097      2.647943
  32500000     27.196159      2.902884
  32600000     27.216450      3.019809
  32700000     27.375315      2.755943
  32800000     27.435215      2.552230
  32900000     27.515077      2.547136
  33000000     27.578338      2.497175
  33100000     27.664847      2.470489
  33200000     27.759643      2.544802
  33300000     27.791732      2.430182
  33400000     27.883853      2.550793
  33500000     27.944289      2.438312
  33600000     28.034175      2.525817
  33700000     28.109195      2.452966
  33800000     28.206553      2.526115
  33900000     28.290594      2.482082
  34000000     28.358207      2.446559
  34100000     28.433340      2.447401
  34200000     28.518866      2.555190
  34300000     28.604952      2.534990
  34400000     28.687417      2.516248
  34500000     28.763400      2.534215
  34600000     28.846984      2.514914
  34700000     28.924241      2.607706
  34800000     28.998963      2.544023
  34900000     29.036026      2.432515
  35000000     29.090844      2.371618
  35100000     29.184628      2.378603
  35200000     29.248280      2.424569
  35300000     29.320393      2.343486
  35400000     29.382314      2.315009
  35500000     29.451048      2.336522
  35600000     29.510068      2.244364
  35700000     29.548072      2.165510
  35800000     29.669550      2.250640
  35900000     29.748955      2.261761
  36000000     29.777491      2.188357
  36100000     29.914534      2.323619
  36200000     29.997360      2.369919
  36300000     30.057938      2.401647
  36400000     30.116358      2.207241
  36500000     30.198263      2.364733
  36600000     30.280610      2.317397
  36700000     30.357769      2.330794
  36800000     30.445905      2.342906
  36900000     30.536796      2.415366
  37000000     30.566042      2.207518
  37100000     30.622875      2.151745
  37200000     30.758709      2.287345
  37300000     30.827289      2.154910
  37400000     30.889897      2.075682
  37500000     30.993531      2.234274
  37600000     31.062888      2.252919
  37700000     31.140121      2.238053
  37800000     31.196435      2.241622
  37900000     31.208817      2.029191
  38000000     31.246743      1.968782
  38100000     31.349255      1.993274
  38200000     31.397592      1.969413
  38300000     31.598156      2.400290
  38400000     31.661916      2.285062
  38500000     31.742962      2.403127
  38600000     31.841580      2.342523
  38700000     31.825460      2.109510
  38800000     31.892704      2.098172
  38900000     31.916069      2.007776
  39000000     32.018562      2.037689
  39100000     32.031482      1.926052
  39200000     32.144644      1.929292
  39300000     32.329467      2.153619
  39400000     32.419331      2.194807
  39500000     32.495137      2.260762
  39600000     32.543319      2.262058
  39700000     32.626397      2.278835
  39800000     32.670494      2.379352
  39900000     32.704904      2.419055
  40000000     32.815504      2.309940
  40100000     32.884841      2.420494
  40200000     32.936049      2.549795
  40300000     32.996125      2.499150
  40400000     33.056961      2.626258
  40500000     33.151629      2.520976
  40600000     33.236255      2.496726
  40700000     33.309365      2.490556
  40800000     33.402458      2.514447
  40900000     33.466126      2.489973
  41000000     33.489579      2.362633
  41100000     33.574743      2.375746
  41200000     33.647170      2.458682
  41300000     33.722168      2.374394
  41400000     33.799653      2.434075
  41500000     33.900868      2.376841
  41600000     33.962619      2.416147
  41700000     33.977681      2.204096
  41800000     34.035210      2.191082
  41900000     34.175331      2.293170
  42000000     34.265400      2.261479
  42100000     34.290601      2.191837
  42200000     34.336294      2.170005
  42300000     34.398336      2.157303
  42400000     34.454309      2.079908
  42500000     34.508020      2.074125
  42600000     34.601339      2.089921
  42700000     34.676273      2.076727
  42800000     34.717251      2.006640
  42900000     34.802773      2.019862
  43000000     34.856345      1.933323
  43100000     34.869087      1.855447
  43200000     34.973539      1.863483
  43300000     35.024833      1.813275
  43400000     35.216517      1.967739
  43500000     35.245686      1.845031
  43600000     35.309289      1.808397
  43700000     35.347397      1.781556
  43800000     35.500391      2.007006
  43900000     35.562925      2.039653
  44000000     35.626152      1.872236
  44100000     35.707611      1.950379
  44200000     35.784694      1.843115
  44300000     35.818693      1.640113
  44400000     35.872923      1.609736
  44500000     35.967686      1.647993
  44600000     36.039571      1.650519
  44700000     36.143410      1.793987
  44800000     36.193145      1.766029
  44900000     36.239803      1.718237
  45000000     36.335658      1.721225
  45100000     36.399419      1.675601
  45200000     36.468707      1.640924
  45300000     36.533129      1.615408
  45400000     36.637789      1.726901
  45500000     36.698181      1.646808
  45600000     36.769543      1.631599
  45700000     36.741158      1.473717
  45800000     36.883323      1.533206
  45900000     37.053752      1.795065
  46000000     37.134278      1.815589
  46100000     37.216286      1.814129
  46200000     37.297294      1.803528
  46300000     37.377404      1.688154
  46400000     37.455011      1.757681
  46500000     37.509718      1.723606
  46600000     37.580681      1.592170
  46700000     37.632624      1.495446
  46800000     37.726891      1.556620
  46900000     37.800537      1.559905
  47000000     37.860812      1.629006
  47100000     37.943972      1.552484
  47200000     38.019167      1.455913
  47300000     38.078536      1.389250
  47400000     38.169618      1.569402
  47500000     38.244328      1.607530
  47600000     38.311275      1.511261
  47700000     38.376400      1.474656
  47800000     38.452700      1.375449
  47900000     38.434196      1.243478
  48000000     38.551252      1.308149
  48100000     38.599292      1.266647
  48200000     38.643684      1.198716
  48300000     38.727762      1.207065
  48400000     38.812865      1.199235
  48500000     38.864837      1.128216
  48600000     38.973482      1.208936
  48700000     39.070046      1.282374
  48800000     39.125225      1.254587
  48900000     39.224061      1.284634
  49000000     39.306289      1.446356
  49100000     39.386693      1.467768
  49200000     39.433482      1.485131
  49300000     39.519585      1.487280
  49400000     39.614426      1.475970
  49500000     39.690357      1.452363
  49600000     39.746474      1.259736
  49700000     39.834693      1.300921
  49800000     39.906864      1.374369
  49900000     39.963873      1.265495
  50000000     40.030236      1.506605
