         0      3.000000      0.000000
    100000      3.022330     -0.082098
    200000      3.078684     -0.079219
    300000      3.115544     -0.141501
    400000      3.199267     -0.103644
    500000      3.250192     -0.099078
    600000      3.329665      0.005536
    700000      3.390530      0.019494
    800000      3.437868     -0.014930
    900000      3.476950      0.120054
   1000000      3.507061      0.170854
   1100000      3.512816      0.235628
   1200000      3.474211      0.357373
   1300000      3.506081      0.425531
   1400000      3.574107      0.444463
   1500000      3.706842      0.406975
   1600000      3.696143      0.541913
   1700000      3.747976      0.569014
   1800000      3.769757      0.641506
   1900000      3.737658      0.754195
   2000000      3.750982      0.804432
   2100000      3.726587      0.888371
   2200000      3.786976      0.914976
   2300000      3.847147      0.978215
   2400000      3.769595      1.083351
   2500000      3.108032      1.142731
   2600000      2.829978      1.019955
   2700000      2.795225      1.070749
   2800000      2.829039      1.234044
   2900000      2.734871      1.197367
   3000000      2.713390      1.288824
   3100000      2.557540      1.214691
   3200000      2.499860      1.256678
   3300000      2.504655      1.404625
   3400000      2.498001      1.518160
   3500000      2.389453      1.465461
   3600000      2.313386      1.430812
   3700000      2.271898      1.437961
   3800000      2.179333      1.329248
   3900000      2.033949      1.435174
   4000000      1.968605      1.392774
   4100000      1.902054      1.394763
   4200000      1.849783      1.274779
   4300000      1.799240      1.212262
   4400000      1.714173      1.583007
   4500000      1.681074      1.655877
   4600000      1.574493      1.479927
   4700000      1.518638      1.680426
   4800000      1.435489      1.500843
   4900000      1.346427      1.515665
   5000000      1.271766      1.504723
   5100000      1.218444      1.439296
   5200000      1.184526      1.379720
   5300000      1.012022      1.555241
   5400000      0.965960      1.474323
   5500000      0.919010      1.447531
   5600000      0.833511      1.464486
   5700000      0.735847      1.459589
   5800000      0.655698      1.411676
   5900000      0.546922      1.465726
   6000000      0.456175      1.505007
   6100000      0.390708      1.470911
   6200000      0.281071      1.464170
   6300000      0.213699      1.487102
   6400000      0.181663      1.334284
   6500000      0.161162      1.241780
   6600000      0.057662      1.281769
   6700000     -0.060483      1.332964
   6800000     -0.162234      1.427448
   6900000     -0.224675      1.315414
   7000000     -0.337454      1.397983
   7100000     -0.429145      1.338963
   7200000     -0.493432      1.341553
   7300000     -0.540709      1.275016
   7400000     -0.596982      1.251476
   7500000     -0.637792      1.142324
   7600000     -0.680541      1.067046
   7700000     -0.813995      1.190037
   7800000     -0.885462      1.144122
   7900000     -0.962542      1.167985
   8000000     -0.929123      0.927177
   8100000     -1.045744      0.969852
   8200000     -1.163194      0.996324
   8300000     -1.223176      0.945219
   8400000     -1.253516      0.878463
   8500000     -1.353179      0.882190
   8600000     -1.443073      0.926333
   8700000     -1.535359      0.910070
   8800000     -1.638813      0.969335
   8900000     -1.700244      0.909027
   9000000     -1.762139      0.939487
   9100000     -1.806168      0.832856
   9200000     -1.861114      0.790959
   9300000     -1.851339      0.590403
   9400000     -1.991510      0.641357
   9500000     -2.100691      0.671895
   9600000     -2.166215      0.619911
   9700000     -2.219896      0.529970
   9800000     -2.402705      0.736765
   9900000     -2.495899      0.767340
  10000000     -2.582369      0.781300
  10100000     -2.701193      0.893859
  10200000     -2.775225      0.894492
  10300000     -2.828069      0.850790
  10400000     -2.873625      0.759095
  10500000     -2.961546      0.790843
  10600000     -2.993956      0.668378
  10700000     -3.068043      0.678243
  10800000     -3.169260      0.713673
  10900000     -3.260457      0.718853
  11000000     -3.327465      0.664390
  11100000     -3.417992      0.699416
  11200000     -3.479081      0.772233
  11300000     -3.565702      0.746380
  11400000     -3.633784      0.672414
  11500000     -3.679333      0.597987
  11600000     -3.770982      0.644121
  11700000     -3.840875      0.543506
  11800000     -3.925692      0.554210
  11900000     -3.997738      0.545325
  12000000     -4.082566      0.642279
  12100000     -4.172459      0.722310
  12200000     -4.260616      0.752280
  12300000     -4.338090      0.760040
  12400000     -4.408564      0.692183
  12500000     -4.451027      0.713448
  12600000     -4.509110      0.587900
  12700000     -4.584875      0.569353
  12800000     -4.672537      0.609766
  12900000     -4.740965      0.634570
  13000000     -4.791613      0.531022
  13100000     -4.890172      0.634639
  13200000     -4.944980      0.664168
  13300000     -5.024587      0.600120
  13400000     -5.042135      0.483202
  13500000     -5.128671      0.488919
  13600000     -5.198191      0.477516
  13700000     -5.244855      0.308285
  13800000     -5.392170      0.552263
  13900000     -5.478099      0.529485
  14000000     -5.556669      0.509894
  14100000     -5.614132      0.482808
  14200000     -5.692969      0.416202
  14300000     -5.776591      0.373606
  14400000     -5.784730      0.253802
  14500000     -5.891350      0.300292
  14600000     -5.970769      0.395448
  14700000     -6.025709      0.314467
  14800000     -6.080831      0.434960
  14900000     -6.172464      0.410381
  15000000     -6.235972      0.283773
  15100000     -6.328835      0.375690
  15200000     -6.388187      0.387814
  15300000     -6.458282      0.220188
  15400000     -6.553205      0.298810
  15500000     -6.600783      0.320491
  15600000     -6.649548      0.387893
  15700000     -6.737520      0.408434
  15800000     -6.806942      0.372690
  15900000     -6.899868      0.365414
  16000000     -7.014604      0.314820
  16100000     -7.071824      0.307746
  16200000     -7.158960      0.328605
  16300000     -7.222529      0.218324
  16400000     -7.312593      0.149780
  16500000     -7.375450      0.266192
  16600000     -7.462181      0.072901
  16700000     -7.548021      0.129797
  16800000     -7.585591     -0.056269
  16900000     -7.637088     -0.146651
  17000000     -7.637271     -0.224993
  17100000     -7.858590      0.009449
  17200000     -7.924181      0.091062
  17300000     -8.015239      0.087839
  17400000     -8.099471      0.011877
  17500000     -8.165295      0.036144
  17600000     -8.233716      0.024309
  17700000     -8.296451     -0.022348
  17800000     -8.367542      0.074641
  17900000     -8.424523      0.188295
  18000000     -8.515151      0.099842
  18100000     -8.585397     -0.029438
  18200000     -8.660025     -0.034916
  18300000     -8.732077     -0.018107
  18400000     -8.831534      0.282090
  18500000     -8.902696      0.165745
  18600000     -8.998294      0.102574
  18700000     -9.069621      0.079824
  18800000     -9.119872      0.067898
  18900000     -9.193697      0.074877
  19000000     -9.250735     -0.015361
  19100000     -9.292041     -0.088898
  19200000     -9.402330     -0.014397
  19300000     -9.465417     -0.017626
  19400000     -9.540007      0.096750
  19500000     -9.623721      0.009592
  19600000     -9.690644     -0.040340
  19700000     -9.752912     -0.016415
  19800000     -9.845850     -0.041245
  19900000     -9.900414     -0.140837
  20000000     -9.974103     -0.060038
  20100000    -10.006138     -0.259790
  20200000    -10.076778     -0.255687
  20300000    -10.152888     -0.278089
  20400000    -10.215132     -0.335712
  20500000    -10.308694     -0.330027
  20600000    -10.428904     -0.192368
  20700000    -10.486974     -0.272159
  20800000    -10.586561     -0.211187
  20900000    -10.647188     -0.258130
  21000000    -10.760257     -0.255012
  21100000    -10.841245     -0.061246
  21200000    -10.904947     -0.086815
  21300000    -10.955376      0.138771
  21400000    -11.088704      0.003760
  21500000    -11.173415     -0.010477
  21600000    -11.235003      0.001472
  21700000    -11.321465      0.037255
  21800000    -11.400001     -0.047705
  21900000    -11.426623      0.043776
  22000000    -11.477275      0.078523
  22100000    -11.614841     -0.134404
  22200000    -11.697005     -0.089213
  22300000    -11.764472     -0.039303
  22400000    -11.859654     -0.076317
  22500000    -11.925432     -0.039642
  22600000    -11.993332     -0.108145
  22700000    -12.053026     -0.159213
  22800000    -12.119376     -0.151404
  22900000    -12.212003     -0.035565
  23000000    -12.308514     -0.062729
  23100000    -12.390578     -0.010943
  23200000    -12.472182      0.042587
  23300000    -12.546136     -0.089554
  23400000    -12.593324     -0.220221
  23500000    -12.661274     -0.116300
  23600000    -12.710565     -0.382091
  23700000    -12.767755     -0.415444
  23800000    -12.857156     -0.317682
  23900000    -12.983112     -0.182614
  24000000    -13.042478     -0.133336
  24100000    -13.132853     -0.121342
  24200000    -13.204139     -0.078405
  24300000    -13.296051     -0.202658
  24400000    -13.367287     -0.157559
  24500000    -13.448249     -0.121714
  24600000    -13.519575     -0.168490
  24700000    -13.610952     -0.148835
  24800000    -13.678033     -0.103419
  24900000    -13.747123     -0.079186
  25000000    -13.832813     -0.181965
  25100000    -13.878348     -0.225531
  25200000    -13.965560     -0.262865
  25300000    -14.001618     -0.392710
  25400000    -14.075313     -0.410113
  25500000    -14.213262     -0.163411
  25600000    -14.285136     -0.211927
  25700000    -14.363895     -0.112302
  25800000    -14.490545     -0.282535
  25900000    -14.552187     -0.184619
  26000000    -14.637360     -0.126776
  26100000    -14.716863     -0.142902
  26200000    -14.783569     -0.196990
  26300000    -14.872915     -0.175689
  26400000    -14.932782     -0.396611
  26500000    -14.976637     -0.434165
  26600000    -15.002581     -0.504736
  26700000    -15.095602     -0.534329
  26800000    -15.247462     -0.360485
  26900000    -15.314531     -0.324266
  27000000    -15.397467     -0.296683
  27100000    -15.450000     -0.211822
  27200000    -15.524696     -0.176467
  27300000    -15.636170     -0.265037
  27400000    -15.722568     -0.222942
  27500000    -15.797400     -0.197213
  27600000    -15.865045     -0.132401
  27700000    -15.918150     -0.261400
  27800000    -15.982145     -0.228576
  27900000    -16.038851     -0.193912
  28000000    -16.040984     -0.405722
  28100000    -16.055895     -0.461805
  28200000    -16.150122     -0.438579
  28300000    -16.224520     -0.470648
  28400000    -16.253208     -0.541873
  28500000    -16.316829     -0.575710
  28600000    -16.616828     -0.200489
  28700000    -16.662878     -0.269581
  28800000    -16.759972     -0.110132
  28900000    -16.825190     -0.208693
  29000000    -16.886993     -0.136479
  29100000    -16.966147     -0.275963
  29200000    -17.036631     -0.262264
  29300000    -17.059324     -0.107500
  29400000    -17.142737     -0.105074
  29500000    -17.241442     -0.120241
  29600000    -17.339580     -0.194062
  29700000    -17.415040     -0.292245
  29800000    -17.504984     -0.230025
  29900000    -17.583483     -0.324283
  30000000    -17.677039     -0.255367
  30100000    -17.773206     -0.307884
  30200000    -17.843120     -0.305108
  30300000    -17.882496     -0.373549
  30400000    -17.963405     -0.380389
  30500000    -17.984984     -0.492333
  30600000    -18.091876     -0.430892
  30700000    -18.194064     -0.309451
  30800000    -18.248275     -0.454925
  30900000    -18.314156     -0.504381
  31000000    -18.362832     -0.553189
  31100000    -18.385287     -0.644143
  31200000    -18.603284     -0.413031
  31300000    -18.674162     -0.364180
  31400000    -18.744419     -0.557462
  31500000    -18.846247     -0.503643
  31600000    -18.897183     -0.634714
  31700000    -18.935950     -0.685050
  31800000    -19.032029     -0.624182
  31900000    -19.099497     -0.660144
  32000000    -19.167127     -0.655398
  32100000    -19.198165     -0.781032
  32200000    -19.334423     -0.679434
  32300000    -19.414061     -0.562790
  32400000    -19.442688     -0.639759
  32500000    -19.528760     -0.479690
  32600000    -19.614697     -0.530422
  32700000    -19.687786     -0.540641
  32800000    -19.754412     -0.687176
  32900000    -19.885079     -0.659792
  33000000    -20.016443     -0.286854
  33100000    -20.094017     -0.443958
  33200000    -20.150883     -0.454941
  33300000    -20.216577     -0.415416
  33400000    -20.267378     -0.514273
  33500000    -20.350470     -0.426707
  33600000    -20.420691     -0.494480
  33700000    -20.492751     -0.535001
  33800000    -20.578085     -0.606962
  33900000    -20.685934     -0.559221
  34000000    -20.724212     -0.536181
  34100000    -20.736944     -0.801348
  34200000    -20.860365     -0.752304
  34300000    -20.941017     -0.694489
  34400000    -20.981165     -0.788901
  34500000    -21.095406     -0.662791
  34600000    -21.217144     -0.628168
  34700000    -21.286598     -0.707554
  34800000    -21.354515     -0.720917
  34900000    -21.441454     -0.681581
  35000000    -21.509618     -0.713486
  35100000    -21.580297     -0.734622
  35200000    -21.653974     -0.685055
  35300000    -21.733487     -0.641260
  35400000    -21.795588     -0.762732
  35500000    -21.858195     -0.688698
  35600000    -21.957789     -0.574993
  35700000    -22.048251     -0.546445
  35800000    -22.115767     -0.688654
  35900000    -22.223542     -0.579317
  36000000    -22.253688     -0.424530
  36100000    -22.347656     -0.504875
  36200000    -22.447807     -0.717174
  36300000    -22.532981     -0.708206
  36400000    -22.598515     -0.781753
  36500000    -22.661100     -0.825290
  36600000    -22.746143     -0.809875
  36700000    -22.769876     -0.897680
  36800000    -22.890176     -0.785937
  36900000    -22.963895     -0.751465
  37000000    -23.061728     -0.703264
  37100000    -23.114430     -0.750044
  37200000    -23.175394     -0.764329
  37300000    -23.244871     -0.665556
  37400000    -23.273132     -0.896238
  37500000    -23.409482     -0.777204
  37600000    -23.487353     -0.814692
  37700000    -23.553008     -0.823844
  37800000    -23.633955     -0.793301
  37900000    -23.730362     -0.704051
  38000000    -23.809476     -0.742534
  38100000    -23.848143     -0.860398
  38200000    -23.959943     -0.826885
  38300000    -24.054184     -0.796790
  38400000    -24.073944     -0.907120
  38500000    -24.224620     -0.439205
  38600000    -24.319180     -0.607591
  38700000    -24.378962     -0.699781
  38800000    -24.461551     -0.727281
  38900000    -24.516166     -0.745482
  39000000    -24.578558     -0.715325
  39100000    -24.642011     -0.670769
  39200000    -24.716089     -0.705748
  39300000    -24.779654     -0.722524
  39400000    -24.843369     -0.744269
  39500000    -24.972135     -0.622595
  39600000    -25.046932     -0.595232
  39700000    -25.114258     -0.628364
  39800000    -25.182606     -0.688159
  39900000    -25.243626     -0.717114
  40000000    -25.355745     -0.638069
  40100000    -25.434619     -0.764199
  40200000    -25.497929     -0.843366
  40300000    -25.545192     -0.862646
  40400000    -25.703331     -0.871490
  40500000    -25.786717     -0.843785
  40600000    -25.848857     -0.880708
  40700000    -25.920341     -0.830258
  40800000    -26.013297     -0.753749
  40900000    -26.086727     -0.772467
  41000000    -26.162857     -0.697965
  41100000    -26.216195     -0.580244
  41200000    -26.292142     -0.562672
  41300000    -26.348774     -0.544393
  41400000    -26.511367     -0.761593
  41500000    -26.596567     -0.907204
  41600000    -26.670911     -0.933869
  41700000    -26.726167     -0.889320
  41800000    -26.767075     -0.794555
  41900000    -26.797663     -0.720739
  42000000    -26.861605     -0.698682
  42100000    -27.049954     -0.955766
  42200000    -27.105281     -1.043746
  42300000    -27.193675     -1.001307
  42400000    -27.309775     -0.800689
  42500000    -27.389934     -0.821853
  42600000    -27.463457     -0.822729
  42700000    -27.530282     -0.891928
  42800000    -27.580359     -0.934312
  42900000    -27.683299     -0.889251
  43000000    -27.734719     -0.989691
  43100000    -27.781344     -1.033843
  43200000    -27.879382     -0.943393
  43300000    -27.962244     -0.873124
  43400000    -28.035819     -0.907455
  43500000    -28.104561     -0.887592
  43600000    -28.114856     -1.023278
  43700000    -28.254332     -0.597373
  43800000    -28.320480     -0.568971
  43900000    -28.459274     -0.812290
  44000000    -28.516001     -0.817805
  44100000    -28.562753     -0.686219
  44200000    -28.639554     -0.894966
  44300000    -28.690945     -0.920476
  44400000    -28.744330     -0.952590
  44500000    -28.811291     -1.057631
  44600000    -28.815259     -1.192385
  44700000    -28.860056     -1.226105
  44800000    -28.929460     -1.275193
  44900000    -28.999357     -1.317848
  45000000    -29.014319     -1.383307
  45100000    -29.119315     -1.361569
  45200000    -29.167651     -1.417788
  45300000    -29.344551     -1.339781
  45400000    -29.377484     -1.388908
  45500000    -29.400705     -1.470133
  45600000    -29.446837     -1.508778
  45700000    -29.560734     -1.476744
  45800000    -29.570925     -1.590696
  45900000    -29.606489     -1.635497
  46000000    -29.563163     -1.766985
  46100000    -29.712508     -1.741174
  46200000    -29.710853     -1.823436
  46300000    -29.816181     -1.871259
  46400000    -29.893804     -1.864838
  46500000    -29.969102     -1.913704
  46600000    -30.057456     -1.918020
  46700000    -30.175442     -1.920086
  46800000    -30.214836     -1.988360
  46900000    -30.299797     -1.994301
  47000000    -30.386813     -2.003637
  47100000    -30.384069     -2.148175
  47200000    -30.388358     -2.233831
  47300000    -30.454151     -2.271736
  47400000    -30.605058     -2.237613
  47500000    -30.688668     -2.246444
  47600000    -30.714815     -2.357890
  47700000    -30.806143     -2.290980
  47800000    -30.792724     -2.461397
  47900000    -30.833253     -2.561079
  48000000    -30.859405     -2.656394
  48100000    -30.997398     -2.626077
  48200000    -31.226228     -2.438502
  48300000    -31.307435     -2.493446
  48400000    -31.377092     -2.534433
  48500000    -31.460286     -2.512656
  48600000    -31.541964     -2.505872
  48700000    -31.645598     -2.434043
  48800000    -31.728538     -2.396174
  48900000    -31.844102     -2.297856
  49000000    -31.898955     -2.249050
  49100000    -31.976260     -2.321001
  49200000    -32.051522     -2.242029
  49300000    -32.119552     -2.255982
  49400000    -32.201210     -2.316181
  49500000    -32.288711     -2.345291
  49600000    -32.354553     -2.321066
  49700000    -32.408355     -2.380413
  49800000    -32.476190     -2.196394
  49900000    -32.566782     -2.260257
  50000000    -32.651461     -2.174355
