         0      3.000000      0.000000
    100000      3.046874     -0.047836
    200000      3.115077     -0.006090
    300000      3.169870     -0.023444
    400000      3.224766      0.066736
    500000      3.288038      0.037366
    600000      3.343492      0.028713
    700000      3.385434      0.114857
    800000      2.800734      0.868450
    900000      2.260875      1.073500
   1000000      2.215997      1.137752
   1100000      2.195162      1.203568
   1200000      2.074499      1.213792
   1300000      1.857434      1.099481
   1400000      1.875088      1.238186
   1500000      1.730583      1.188269
   1600000      1.692765      1.278278
   1700000      1.638751      1.339015
   1800000      1.522361      1.283425
   1900000      1.467196      1.284427
   2000000      1.399058      1.388022
   2100000      1.287400      1.348662
   2200000      1.275956      1.432763
   2300000      1.201063      1.439453
   2400000      1.080798      1.343739
   2500000      1.024782      1.399538
   2600000      0.978512      1.429508
   2700000      0.906239      1.416333
   2800000      0.851148      1.305296
   2900000      0.801866      1.550671
   3000000      0.713921      1.565708
   3100000      0.619942      1.552450
   3200000      0.545902      1.531694
   3300000      0.439185      1.472939
   3400000      0.363243      1.462119
   3500000      0.279540      1.334226
   3600000      0.235971      1.585471
   3700000      0.131855      1.425100
   3800000      0.091537      1.369845
   3900000      0.053023      1.250728
   4000000     -0.032400      1.249377
   4100000     -0.103538      1.303653
   4200000     -0.162378      1.225511
   4300000     -0.260224      1.299436
   4400000     -0.317753      1.400151
   4500000     -0.396970      1.426413
   4600000     -0.490737      1.476678
   4700000     -0.539054      1.522443
   4800000     -0.600133      1.606818
   4900000     -0.664266      1.646228
   5000000     -0.754745      1.549095
   5100000     -0.797213      1.489118
   5200000     -0.885516      1.584585
   5300000     -0.925240      1.702253
   5400000     -0.998393      1.678762
   5500000     -1.072531      1.647185
   5600000     -1.158876      1.595527
   5700000     -1.253505      1.682744
   5800000     -1.287443      1.818051
   5900000     -1.384491      1.663387
   6000000     -1.485665      1.624355
   6100000     -1.522281      1.560689
   6200000     -1.621392      1.615994
   6300000     -1.708901      1.848990
   6400000     -1.768858      1.897951
   6500000     -1.839852      1.957694
   6600000     -1.893129      1.989021
   6700000     -2.035838      1.802525
   6800000     -2.130589      1.806066
   6900000     -2.185983      1.785479
   7000000     -2.269595      1.880880
   7100000     -2.329838      1.907341
   7200000     -2.381607      1.795210
   7300000     -2.383768      1.636175
   7400000     -2.610700      1.907307
   7500000     -2.628601      2.165251
   7600000     -2.715756      2.168458
   7700000     -2.794017      2.158617
   7800000     -2.811296      2.296317
   7900000     -2.829325      2.358975
   8000000     -2.881826      2.360588
   8100000     -2.928005      2.390975
   8200000     -2.952476      2.472971
   8300000     -2.980628      2.526539
   8400000     -3.028897      2.560385
   8500000     -3.019955      2.681228
   8600000     -3.075231      2.718165
   8700000     -3.184002      2.716627
   8800000     -3.281610      2.744268
   8900000     -3.377146      2.759667
   9000000     -3.462412      2.759022
   9100000     -3.562447      2.741331
   9200000     -3.645804      2.693262
   9300000     -3.748798      2.666090
   9400000     -3.815955      2.675615
   9500000     -3.848483      2.829483
   9600000     -3.979402      2.671931
   9700000     -4.075346      2.571705
   9800000     -4.163058      2.527923
   9900000     -4.236901      2.488485
  10000000     -4.306776      2.524551
  10100000     -4.424867      2.562301
  10200000     -4.475047      2.657495
  10300000     -4.531966      2.679659
  10400000     -4.614830      2.620619
  10500000     -4.706801      2.525444
  10600000     -4.782603      2.490643
  10700000     -4.836603      2.308099
  10800000     -4.908867      2.268769
  10900000     -4.990143      2.237539
  11000000     -5.051817      2.191417
  11100000     -5.163994      2.366900
  11200000     -5.282345      2.361511
  11300000     -5.337817      2.243836
  11400000     -5.374910      2.132179
  11500000     -5.513937      2.215149
  11600000     -5.506863      2.025613
  11700000     -5.598833      2.053447
  11800000     -5.667037      2.040469
  11900000     -5.823359      2.274113
  12000000     -5.914984      2.234406
  12100000     -6.003341      2.235563
  12200000     -6.066487      2.196203
  12300000     -6.133739      2.151315
  12400000     -6.246344      2.368111
  12500000     -6.317825      2.296187
  12600000     -6.402772      2.271994
  12700000     -6.482514      2.295230
  12800000     -6.524491      2.206685
  12900000     -6.587895      2.189569
  13000000     -6.651022      2.142424
  13100000     -6.730182      2.190595
  13200000     -6.798372      2.162359
  13300000     -6.880743      2.201325
  13400000     -6.956691      2.190756
  13500000     -7.024940      2.232013
  13600000     -7.128476      2.151058
  13700000     -7.237501      2.254049
  13800000     -7.111967      2.077791
  13900000     -6.933466      2.174097
  14000000     -6.883590      2.229452
  14100000     -6.823670      2.182533
  14200000     -6.770525      2.270935
  14300000     -6.710986      2.314732
  14400000     -6.660343      2.283422
  14500000     -6.952748      1.903755
  14600000     -9.392245      1.836363
  14700000     -9.560588      1.919079
  14800000     -9.645738      1.967888
  14900000     -9.696699      1.957994
  15000000     -9.787600      1.955271
  15100000     -9.890930      1.883270
  15200000     -9.976223      1.945016
  15300000    -10.016382      1.846563
  15400000    -10.095405      1.841969
  15500000    -10.152798      1.786433
  15600000    -10.217535      1.772682
  15700000    -10.300386      1.756564
  15800000    -10.375006      1.751588
  15900000    -10.428106      1.741597
  16000000    -10.519906      1.767829
  16100000    -10.642953      2.060512
  16200000    -10.730025      1.952210
  16300000    -10.815011      2.062765
  16400000    -10.883252      2.109627
  16500000    -10.972136      2.061402
  16600000    -11.062560      2.133259
  16700000    -11.128368      2.128090
  16800000    -11.218997      2.046898
  16900000    -11.292005      2.074309
  17000000    -11.378403      2.052990
  17100000    -11.448019      2.121657
  17200000    -11.517709      2.155626
  17300000    -11.621409      1.898241
  17400000    -11.664524      1.804381
  17500000    -11.749331      1.827665
  17600000    -11.819196      1.767098
  17700000    -11.893986      1.772283
  17800000    -11.965902      1.757513
  17900000    -12.033342      1.760324
  18000000    -12.106670      1.725418
  18100000    -12.186949      1.753516
  18200000    -12.250693      1.710198
  18300000    -12.301058      1.582422
  18400000    -12.345124      1.519967
  18500000    -12.410369      1.525759
  18600000    -12.490466      1.538889
  18700000    -12.553959      1.522210
  18800000    -12.680985      1.722420
  18900000    -12.754962      1.662224
  19000000    -12.819196      1.522864
  19100000    -12.895467      1.657988
  19200000    -12.992337      1.609396
  19300000    -13.068280      1.646127
  19400000    -13.147543      1.589847
  19500000    -13.247300      1.679336
  19600000    -13.324768      1.705612
  19700000    -13.385857      1.817959
  19800000    -13.455752      1.837218
  19900000    -13.557537      1.812495
  20000000    -13.625224      1.864721
  20100000    -13.701237      1.552962
  20200000    -13.804745      1.686055
  20300000    -13.887831      1.643526
  20400000    -13.945266      1.725365
  20500000    -14.014329      1.723759
  20600000    -14.097296      1.534752
  20700000    -14.138298      1.419894
  20800000    -14.244979      1.475782
  20900000    -14.331276      1.617984
  21000000    -14.397632      1.508545
  21100000    -14.465741      1.545845
  21200000    -14.514979      1.450907
  21300000    -14.546880      1.338752
  21400000    -14.659891      1.396390
  21500000    -14.774105      1.472876
  21600000    -14.823604      1.346367
  21700000    -14.942350      1.550113
  21800000    -15.022731      1.602153
  21900000    -15.102701      1.438940
  22000000    -15.104761      1.300687
  22100000    -15.211255      1.339773
  22200000    -15.278808      1.272155
  22300000    -15.380584      1.367420
  22400000    -15.443880      1.334113
  22500000    -15.563046      1.464067
  22600000    -15.637425      1.488646
  22700000    -15.714165      1.513050
  22800000    -15.770448      1.580859
  22900000    -15.809983      1.710652
  23000000    -15.907007      1.691216
  23100000    -15.949819      1.719058
  23200000    -16.082322      1.599599
  23300000    -16.143498      1.578814
  23400000    -16.214754      1.654397
  23500000    -16.299796      1.640633
  23600000    -16.369727      1.659869
  23700000    -16.417986      1.755240
  23800000    -16.469621      1.807503
  23900000    -16.506695      1.872575
  24000000    -16.617100      1.726855
  24100000    -16.700098      1.780135
  24200000    -16.767401      1.757370
  24300000    -16.849337      1.704642
  24400000    -16.898919      1.725180
  24500000    -16.959042      1.773788
  24600000    -17.001641      1.872133
  24700000    -17.025890      1.932529
  24800000    -17.181228      1.830197
  24900000    -17.271031      1.787312
  25000000    -17.333323      1.761061
  25100000    -17.457271      1.685804
  25200000    -17.516179      1.642732
  25300000    -17.619800      1.939611
  25400000    -17.686607      1.953983
  25500000    -17.768329      1.875845
  25600000    -17.856923      1.913035
  25700000    -17.941621      1.828715
  25800000    -18.002476      1.857837
  25900000    -18.074422      1.781823
  26000000    -18.129105      1.772919
  26100000    -18.208818      1.892212
  26200000    -18.286184      1.810845
  26300000    -18.345359      1.904898
  26400000    -18.396223      1.973319
  26500000    -18.484063      1.925340
  26600000    -18.558730      1.858317
  26700000    -18.616459      1.882114
  26800000    -18.709895      1.912142
  26900000    -18.773547      1.931699
  27000000    -18.802086      2.212874
  27100000    -18.917044      2.135167
  27200000    -18.956565      2.181838
  27300000    -19.060174      2.127929
  27400000    -19.126465      2.106384
  27500000    -19.142088      2.288589
  27600000    -19.328822      2.052775
  27700000    -19.429061      1.651353
  27800000    -19.483369      1.712278
  27900000    -19.555022      1.802340
  28000000    -19.622293      1.873090
  28100000    -19.725923      1.720124
  28200000    -19.800928      1.602392
  28300000    -19.869985      1.604289
  28400000    -19.943906      1.643640
  28500000    -20.013727      1.715443
  28600000    -20.108975      1.651988
  28700000    -20.170156      1.559607
  28800000    -20.229052      1.454987
  28900000    -20.358883      1.692935
  29000000    -20.433393      1.727728
  29100000    -20.494325      1.439260
  29200000    -20.568686      1.429523
  29300000    -20.672102      1.505712
  29400000    -20.754324      1.501981
  29500000    -20.825115      1.498367
  29600000    -20.852072      1.318081
  29700000    -20.940173      1.451309
  29800000    -20.997800      1.406806
  29900000    -21.061997      1.418382
  30000000    -21.131670      1.414742
  30100000    -21.202082      1.413302
  30200000    -21.292154      1.301531
  30300000    -21.375413      1.357486
  30400000    -21.399131      1.130176
  30500000    -21.441759      1.085744
  30600000    -21.550001      1.125001
  30700000    -21.621568      1.121389
  30800000    -21.689414      1.109639
  30900000    -21.845397      1.219093
  31000000    -21.890995      1.075330
  31100000    -21.936404      0.990586
  31200000    -22.038767      1.196833
  31300000    -22.135251      1.106076
  31400000    -22.186766      1.012947
  31500000    -22.261289      1.013892
  31600000    -22.302618      0.956284
  31700000    -22.443515      1.164023
  31800000    -22.539274      1.225542
  31900000    -22.594459      1.239589
  32000000    -22.671726      1.228946
  32100000    -22.742563      1.180687
  32200000    -22.767021      1.304092
  32300000    -22.868111      1.055135
  32400000    -22.931762      0.962327
  32500000    -23.016746      1.079582
  32600000    -23.065884      1.204105
  32700000    -23.148485      1.215654
  32800000    -23.210645      1.249934
  32900000    -23.245126      1.328594
  33000000    -23.312278      1.344748
  33100000    -23.418718      1.336931
  33200000    -23.464005      1.405792
  33300000    -23.510161      1.438452
  33400000    -23.559700      1.471861
  33500000    -23.592341      1.516106
  33600000    -23.730074      1.458716
  33700000    -23.835822      1.433999
  33800000    -23.921687      1.357741
  33900000    -24.011709      1.308112
  34000000    -24.071567      1.352322
  34100000    -24.154575      1.298521
  34200000    -24.217932      1.342654
  34300000    -24.346223      1.236641
  34400000    -24.430017      1.253630
  34500000    -24.499962      1.222981
  34600000    -24.584992      1.235430
  34700000    -24.641448      1.334790
  34800000    -24.696938      1.387475
  34900000    -24.784259      1.408651
  35000000    -24.838825      1.426330
  35100000    -24.918107      1.398663
  35200000    -25.017676      1.340403
  35300000    -25.102600      1.089217
  35400000    -25.182378      1.209381
  35500000    -25.238631      1.076564
  35600000    -25.323841      1.266796
  35700000    -25.391979      1.273104
  35800000    -25.478686      1.109298
  35900000    -25.533538      1.084964
  36000000    -25.618357      1.271875
  36100000    -25.688646      1.226876
  36200000    -25.740421      1.261633
  36300000    -25.829787      1.152954
  36400000    -25.898747      1.195621
  36500000    -25.991191      1.021034
  36600000    -26.058207      1.038312
  36700000    -26.118763      0.967553
  36800000    -26.209332      1.031254
  36900000    -26.295277      0.951200
  37000000    -26.348995      1.036802
  37100000    -26.373616      1.181259
  37200000    -26.504309      1.073950
  37300000    -26.559616      1.134390
  37400000    -26.604073      1.227452
  37500000    -26.740772      1.163551
  37600000    -26.823487      1.165330
  37700000    -26.891041      1.182104
  37800000    -26.939417      1.190896
  37900000    -26.990418      1.206610
  38000000    -27.119924      1.089001
  38100000    -27.188842      0.942491
  38200000    -27.264003      1.069855
  38300000    -27.319048      1.054322
  38400000    -27.362820      1.173691
  38500000    -27.434306      1.235611
  38600000    -27.448760      1.338461
  38700000    -27.499022      1.363106
  38800000    -27.636388      1.162548
  38900000    -27.706820      1.198320
  39000000    -27.751970      1.129193
  39100000    -27.833513      1.254908
  39200000    -27.911387      1.269922
  39300000    -27.984187      1.303036
  39400000    -28.076477      1.254597
  39500000    -28.144902      1.285043
  39600000    -28.235060      1.281293
  39700000    -28.297017      1.192134
  39800000    -28.365947      1.279632
  39900000    -28.426095      1.219768
  40000000    -28.493829      1.182431
  40100000    -28.542950      1.223991
  40200000    -28.629986      1.125384
  40300000    -28.709485      1.168027
  40400000    -28.794423      1.200779
  40500000    -28.859057      1.074247
  40600000    -28.917792      1.159810
  40700000    -29.032082      1.133097
  40800000    -29.074785      0.952211
  40900000    -29.169673      1.021710
  41000000    -29.223192      0.957946
  41100000    -29.251904      0.787567
  41200000    -29.358120      0.817586
  41300000    -29.420835      0.832998
  41400000    -29.424216      0.715939
  41500000    -29.548868      0.740144
  41600000    -29.563518      0.607991
  41700000    -29.644421      0.598351
  41800000    -29.764867      0.702350
  41900000    -29.854565      0.699993
  42000000    -29.968404      0.798302
  42100000    -29.970035      0.675786
  42200000    -30.112516      0.722212
  42300000    -30.158366      0.665527
  42400000    -30.306310      0.770821
  42500000    -30.325122      0.628269
  42600000    -30.394070      0.604347
  42700000    -30.557033      0.753283
  42800000    -30.614133      0.686165
  42900000    -30.696644      0.654606
  43000000    -30.827626      0.856435
  43100000    -30.904960      0.890371
  43200000    -30.982474      0.878647
  43300000    -31.045186      0.792890
  43400000    -31.125096      0.855819
  43500000    -31.192703      0.776544
  43600000    -31.275709      0.870253
  43700000    -31.359215      0.867467
  43800000    -31.435074      0.836911
  43900000    -31.504993      0.975393
  44000000    -31.588764      0.856313
  44100000    -31.678741      0.853372
  44200000    -31.738350      0.885586
  44300000    -31.836148      0.783049
  44400000    -31.919327      0.801823
  44500000    -32.000328      0.792783
  44600000    -32.068520      0.845771
  44700000    -32.149639      0.864239
  44800000    -32.236720      0.875308
  44900000    -32.294563      0.934980
  45000000    -32.368043      0.993394
  45100000    -32.445361      0.934176
  45200000    -32.539367      0.897223
  45300000    -32.585220      1.040228
  45400000    -32.649066      1.098296
  45500000    -32.720041      1.113537
  45600000    -32.831684      1.020988
  45700000    -32.911600      0.998746
  45800000    -32.988081      1.023102
  45900000    -33.070061      1.057941
  46000000    -33.135406      1.023974
  46100000    -33.212858      1.012413
  46200000    -33.300477      0.985997
  46300000    -33.348671      0.918237
  46400000    -33.401299      0.862762
  46500000    -33.493363      0.924858
  46600000    -33.560721      1.182872
  46700000    -33.633722      1.242246
  46800000    -33.741075      1.155443
  46900000    -33.791749      1.294812
  47000000    -33.818128      1.380377
  47100000    -33.940688      1.328114
  47200000    -34.010804      1.366442
  47300000    -34.022660      1.494920
  47400000    -34.111515      1.465930
  47500000    -34.193344      1.450610
  47600000    -34.197684      1.561381
  47700000    -34.240164      1.631095
  47800000    -34.423218      1.464539
  47900000    -34.491922      1.523445
  48000000    -34.549380      1.616073
  48100000    -34.600979      1.657705
  48200000    -34.726237      1.581923
  48300000    -34.804597      1.589252
  48400000    -34.892403      1.517533
  48500000    -34.989376      1.507747
  48600000    -35.069562      1.399966
  48700000    -35.215189      1.491637
  48800000    -35.294748      1.341194
  48900000    -35.360117      1.229567
  49000000    -35.450607      1.242226
  49100000    -35.503221      1.198614
  49200000    -35.600197      1.137089
  49300000    -35.685229      1.250291
  49400000    -35.727432      1.085529
  49500000    -35.794502      1.089730
  49600000    -35.866000      1.005687
  49700000    -35.930448      1.051290
  49800000    -36.008810      1.032787
  49900000    -36.094519      1.044209
  50000000    -36.181614      1.146620
