         0      3.000000      0.000000
    100000      3.045446     -0.073105
    200000      3.077448     -0.136717
    300000      3.151839     -0.119344
    400000      3.214067     -0.134635
    500000      3.231101     -0.247897
    600000      3.267064     -0.285138
    700000      3.329934     -0.304413
    800000      3.364397     -0.351368
    900000      3.357867     -0.451533
   1000000      3.412777     -0.493711
   1100000      3.441555     -0.548438
   1200000      3.509025     -0.547058
   1300000      2.878538     -0.850935
   1400000      2.764519     -0.877283
   1500000      2.874660     -0.967061
   1600000      2.604656     -1.019493
   1700000      2.473853     -1.035353
   1800000      2.435924     -1.097997
   1900000      2.366362     -1.138989
   2000000      2.207803     -1.125355
   2100000      2.105130     -1.075904
   2200000      2.055445     -1.131217
   2300000      1.932043     -0.986578
   2400000      1.889255     -1.108964
   2500000      1.814632     -1.138174
   2600000      1.736292     -1.180960
   2700000      1.667944     -1.240018
   2800000      1.583421     -1.230526
   2900000      1.518841     -1.290747
   3000000      1.454391     -1.270456
   3100000      1.328794     -1.220939
   3200000      1.297004     -1.294692
   3300000      1.188085     -1.250387
   3400000      1.122454     -1.301906
   3500000      1.057298     -1.324492
   3600000      0.911853     -1.301371
   3700000      0.825747     -1.224389
   3800000      0.723054     -1.153747
   3900000      0.664340     -1.164044
   4000000      0.620278     -0.976423
   4100000      0.626937     -0.888515
   4200000      0.460182     -0.997208
   4300000      0.361903     -1.133971
   4400000      0.317699     -1.012399
   4500000      0.186728     -1.111309
   4600000      0.114764     -1.086089
   4700000      0.027752     -1.093176
   4800000     -0.015788     -0.999137
   4900000     -0.118488     -1.076039
   5000000     -0.188810     -0.983876
   5100000     -0.313023     -1.094478
   5200000     -0.367057     -1.034785
   5300000     -0.460836     -1.025402
   5400000     -0.542829     -1.030269
   5500000     -0.611872     -1.130604
   5600000     -0.682143     -1.165854
   5700000     -0.770015     -1.114661
   5800000     -0.842529     -1.054822
   5900000     -0.931204     -1.022419
   6000000     -0.978331     -0.918075
   6100000     -1.042975     -0.904889
   6200000     -1.120577     -0.868835
   6300000     -1.207857     -0.951495
   6400000     -1.279749     -0.982737
   6500000     -1.316704     -1.148709
   6600000     -1.394065     -1.101764
   6700000     -1.459898     -1.152797
   6800000     -1.589222     -1.097377
   6900000     -1.660228     -1.109292
   7000000     -1.738198     -1.071747
   7100000     -1.821583     -0.916886
   7200000     -1.816579     -1.156044
   7300000     -1.948563     -1.044534
   7400000     -2.055945     -1.062983
   7500000     -2.106969     -1.158041
   7600000     -2.169831     -1.187430
   7700000     -2.263191     -1.145971
   7800000     -2.307611     -1.196969
   7900000     -2.404417     -1.173713
   8000000     -2.493727     -1.185916
   8100000     -2.553402     -1.224992
   8200000     -2.627666     -1.322128
   8300000     -2.730708     -1.273985
   8400000     -2.831291     -1.210019
   8500000     -2.912444     -1.217364
   8600000     -2.990589     -1.178517
   8700000     -3.056455     -1.175010
   8800000     -3.139609     -1.109728
   8900000     -3.214374     -1.095680
   9000000     -3.267995     -0.960993
   9100000     -3.309349     -0.912723
   9200000     -3.409286     -0.961530
   9300000     -3.443091     -0.877175
   9400000     -3.506499     -0.822295
   9500000     -3.542495     -0.745892
   9600000     -3.552338     -0.680979
   9700000     -3.724663     -0.755057
   9800000     -3.805589     -0.775378
   9900000     -3.927589     -0.859147
  10000000     -3.999405     -0.993905
  10100000     -4.079039     -0.967173
  10200000     -4.146680     -0.974172
  10300000     -4.205548     -1.002305
  10400000     -4.293213     -0.817699
  10500000     -4.361206     -0.878257
  10600000     -4.443570     -0.904854
  10700000     -4.497055     -1.004623
  10800000     -4.526191     -1.046817
  10900000     -4.550742     -1.118369
  11000000     -4.714833     -0.889516
  11100000     -4.782203     -0.954714
  11200000     -4.870979     -0.898824
  11300000     -4.948569     -0.873659
  11400000     -5.009847     -0.859950
  11500000     -5.091480     -0.816426
  11600000     -5.170906     -0.933324
  11700000     -5.269777     -0.824194
  11800000     -5.333143     -0.939717
  11900000     -5.434012     -0.901574
  12000000     -5.431558     -1.077568
  12100000     -5.585020     -0.873633
  12200000     -5.654865     -0.870503
  12300000     -5.730586     -0.819293
  12400000     -5.765522     -0.617454
  12500000     -5.806220     -0.563819
  12600000     -5.907027     -0.628849
  12700000     -5.946339     -0.522221
  12800000     -6.120946     -0.669466
  12900000     -6.182883     -0.645051
  13000000     -6.218882     -0.487006
  13100000     -6.271598     -0.483146
  13200000     -6.410618     -0.608904
  13300000     -6.492531     -0.652694
  13400000     -6.544711     -0.553454
  13500000     -6.645078     -0.785118
  13600000     -6.729191     -0.759186
  13700000     -6.760434     -0.839702
  13800000     -6.840559     -0.883151
  13900000     -6.941516     -0.790099
  14000000     -6.999070     -0.773689
  14100000     -7.139355     -0.758818
  14200000     -7.189640     -0.820113
  14300000     -7.292390     -0.742872
  14400000     -7.362015     -0.708152
  14500000     -7.443081     -0.586415
  14600000     -7.517179     -0.544126
  14700000     -7.606837     -0.561887
  14800000     -7.665584     -0.548544
  14900000     -7.787196     -0.708314
  15000000     -7.854518     -0.724237
  15100000     -7.923424     -0.621010
  15200000     -7.989330     -0.611390
  15300000     -8.071893     -0.593680
  15400000     -8.167453     -0.672493
  15500000     -8.225256     -0.519225
  15600000     -8.319262     -0.815353
  15700000     -8.430884     -0.644108
  15800000     -8.482954     -0.491797
  15900000     -8.596026     -0.606576
  16000000     -8.671330     -0.631020
  16100000     -8.753660     -0.662717
  16200000     -8.823315     -0.428847
  16300000     -8.905239     -0.527765
  16400000     -8.937302     -0.412067
  16500000     -9.014445     -0.398721
  16600000     -9.029994     -0.292964
  16700000     -9.184237     -0.459488
  16800000     -9.287869     -0.560635
  16900000     -9.340856     -0.603499
  17000000     -9.380754     -0.655090
  17100000     -9.451671     -0.673409
  17200000     -9.482416     -0.778297
  17300000     -9.612419     -0.649487
  17400000     -9.685715     -0.582986
  17500000     -9.794449     -0.558927
  17600000     -9.850891     -0.436557
  17700000     -9.931795     -0.524089
  17800000     -9.997770     -0.448587
  17900000    -10.076405     -0.524979
  18000000    -10.136506     -0.481113
  18100000    -10.205005     -0.474835
  18200000    -10.267729     -0.550521
  18300000    -10.317333     -0.619385
  18400000    -10.395910     -0.400047
  18500000    -10.489437     -0.505638
  18600000    -10.563479     -0.546483
  18700000    -10.609467     -0.621177
  18800000    -10.687234     -0.570431
  18900000    -10.686510     -0.775136
  19000000    -10.808417     -0.738753
  19100000    -10.863194     -0.764831
  19200000    -10.906849     -0.826167
  19300000    -11.072327     -0.647279
  19400000    -11.149970     -0.592530
  19500000    -11.238150     -0.674695
  19600000    -11.363731     -0.538706
  19700000    -11.416830     -0.438136
  19800000    -11.498099     -0.421203
  19900000    -11.535963     -0.247248
  20000000    -11.610632     -0.233068
  20100000    -11.697212     -0.201321
  20200000    -11.746479     -0.139414
  20300000    -11.822285     -0.149643
  20400000    -11.821915     -0.018321
  20500000    -11.875442      0.035681
  20600000    -12.026535     -0.047106
  20700000    -12.099839     -0.073271
  20800000    -12.168451     -0.126774
  20900000    -12.269366     -0.159660
  21000000    -12.354443     -0.085004
  21100000    -12.498667     -0.258576
  21200000    -12.569372     -0.224498
  21300000    -12.659067     -0.211705
  21400000    -12.718572     -0.185218
  21500000    -12.787700     -0.196315
  21600000    -12.815313     -0.042262
  21700000    -12.864911      0.009455
  21800000    -12.873789      0.070229
  21900000    -12.905637      0.140294
  22000000    -12.963000      0.172440
  22100000    -12.912503      0.255706
  22200000    -12.909140      0.332861
  22300000    -12.962840      0.392941
  22400000    -13.233735      0.307719
  22500000    -13.353423      0.290531
  22600000    -13.401507      0.336432
  22700000    -13.355949      0.503476
  22800000    -13.503327      0.464831
  22900000    -13.783875      0.024701
  23000000    -13.878365      0.054317
  23100000    -13.947984      0.096359
  23200000    -14.049618      0.008235
  23300000    -14.093715     -0.022840
  23400000    -14.169951     -0.024233
  23500000    -14.241841     -0.090513
  23600000    -14.340363     -0.050693
  23700000    -14.296401     -0.247073
  23800000    -14.381338     -0.268867
  23900000    -14.433534     -0.303790
  24000000    -14.453991     -0.360536
  24100000    -14.706873      0.160693
  24200000    -14.786756      0.061606
  24300000    -14.828697     -0.081369
  24400000    -14.903598     -0.083755
  24500000    -14.981127      0.008101
  24600000    -15.047015     -0.030318
  24700000    -15.093785     -0.037954
  24800000    -15.207722     -0.046885
  24900000    -15.269324     -0.124943
  25000000    -15.352653     -0.018812
  25100000    -15.416536     -0.153865
  25200000    -15.502394     -0.183347
  25300000    -15.550451     -0.342071
  25400000    -15.596232     -0.383746
  25500000    -15.718089     -0.264331
  25600000    -15.806705     -0.279815
  25700000    -15.909381     -0.059618
  25800000    -15.974283      0.075191
  25900000    -16.065299     -0.022635
  26000000    -16.106312      0.141325
  26100000    -16.225426      0.053149
  26200000    -16.248700      0.175672
  26300000    -16.403191      0.061423
  26400000    -16.485347      0.027873
  26500000    -16.574962      0.037639
  26600000    -16.551150      0.284398
  26700000    -16.669560      0.228925
  26800000    -16.628818      0.435860
  26900000    -16.645872      0.520716
  27000000    -16.740219      0.531819
  27100000    -16.997358      0.252598
  27200000    -17.012598      0.414894
  27300000    -17.043545      0.509383
  27400000    -17.143825      0.471904
  27500000    -17.147881      0.566559
  27600000    -17.268847      0.517193
  27700000    -17.433048      0.368287
  27800000    -17.517614      0.372044
  27900000    -17.566641      0.396305
  28000000    -17.657204      0.484715
  28100000    -17.754735      0.439133
  28200000    -17.841960      0.413945
  28300000    -17.876233      0.493668
  28400000    -17.966817      0.418270
  28500000    -18.048550      0.329357
  28600000    -18.110278      0.455479
  28700000    -18.129275      0.510696
  28800000    -18.232701      0.455710
  28900000    -18.316263      0.458441
  29000000    -18.380375      0.480668
  29100000    -18.456792      0.483839
  29200000    -18.508149      0.505641
  29300000    -18.512330      0.637893
  29400000    -18.608103      0.620085
  29500000    -18.654853      0.660922
  29600000    -18.716247      0.667349
  29700000    -18.890807      0.426209
  29800000    -18.969136      0.370391
  29900000    -19.053605      0.379601
  30000000    -19.115531      0.348174
  30100000    -19.185827      0.311388
  30200000    -19.281789      0.356303
  30300000    -19.393310      0.472813
  30400000    -19.475955      0.425606
  30500000    -19.536560      0.486848
  30600000    -19.573958      0.583989
  30700000    -19.731141      0.323387
  30800000    -19.813878      0.360767
  30900000    -19.885496      0.262927
  31000000    -19.964432      0.326224
  31100000    -20.015792      0.369269
  31200000    -20.089137      0.337585
  31300000    -20.171314      0.301945
  31400000    -20.222176      0.356244
  31500000    -20.334285      0.133525
  31600000    -20.410059      0.153151
  31700000    -20.490771      0.236912
  31800000    -20.563554      0.243774
  31900000    -20.616742      0.066566
  32000000    -20.710355      0.137296
  32100000    -20.764992      0.016878
  32200000    -20.860002      0.096738
  32300000    -20.933325      0.077956
  32400000    -21.023744      0.055056
  32500000    -21.126112      0.093540
  32600000    -21.175798      0.129099
  32700000    -21.256005      0.026603
  32800000    -21.324514      0.115245
  32900000    -21.383564      0.163809
  33000000    -21.421309      0.211716
  33100000    -21.543669     -0.054725
  33200000    -21.606932      0.081815
  33300000    -21.712150      0.000731
  33400000    -21.768088      0.021346
  33500000    -21.823736      0.130605
  33600000    -21.942826      0.051490
  33700000    -22.033660      0.031353
  33800000    -22.102781      0.007756
  33900000    -22.190304      0.066488
  34000000    -22.250904     -0.034384
  34100000    -22.320720      0.084182
  34200000    -22.417344      0.044434
  34300000    -22.477355      0.117603
  34400000    -22.526098      0.017989
  34500000    -22.585870      0.016948
  34600000    -22.670632      0.016186
  34700000    -22.789651      0.188287
  34800000    -22.814643      0.375054
  34900000    -22.899114      0.246647
  35000000    -23.001476      0.128818
  35100000    -23.079764      0.111057
  35200000    -23.149873      0.102792
  35300000    -23.226322      0.192279
  35400000    -23.287391      0.214407
  35500000    -23.340182      0.227164
  35600000    -23.396139      0.242971
  35700000    -23.519027      0.154232
  35800000    -23.614098      0.159277
  35900000    -23.673521      0.041086
  36000000    -23.672932     -0.136739
  36100000    -23.766052     -0.189282
  36200000    -23.828582     -0.246538
  36300000    -23.948561     -0.178496
  36400000    -24.052733     -0.088018
  36500000    -24.136099      0.038932
  36600000    -24.200590     -0.060783
  36700000    -24.292303     -0.037339
  36800000    -24.358443      0.072795
  36900000    -24.415016     -0.132458
  37000000    -24.472827     -0.159243
  37100000    -24.537673     -0.148558
  37200000    -24.617557     -0.107055
  37300000    -24.679103     -0.175034
  37400000    -24.784772     -0.140323
  37500000    -24.868573     -0.032319
  37600000    -24.947099     -0.149552
  37700000    -25.005640     -0.248182
  37800000    -25.091098     -0.195180
  37900000    -25.157359     -0.179774
  38000000    -25.211215     -0.329685
  38100000    -25.292616     -0.347094
  38200000    -25.306701     -0.439397
  38300000    -25.431823     -0.319925
  38400000    -25.511435     -0.361390
  38500000    -25.572043     -0.273195
  38600000    -25.634509     -0.254614
  38700000    -25.685095     -0.224394
  38800000    -25.766457     -0.358780
  38900000    -25.835208     -0.462859
  39000000    -25.910685     -0.476356
  39100000    -25.973833     -0.533659
  39200000    -26.064747     -0.360497
  39300000    -26.134202     -0.412146
  39400000    -26.208947     -0.426437
  39500000    -26.252302     -0.305039
  39600000    -26.345345     -0.359665
  39700000    -26.472349     -0.375991
  39800000    -26.520997     -0.470515
  39900000    -26.602539     -0.542985
  40000000    -26.621034     -0.662883
  40100000    -26.719514     -0.685168
  40200000    -26.854170     -0.400560
  40300000    -26.873664     -0.308313
  40400000    -26.972665     -0.255421
  40500000    -27.041357     -0.228032
  40600000    -27.088771     -0.201972
  40700000    -27.180123     -0.200423
  40800000    -27.277992     -0.365117
  40900000    -27.360774     -0.319494
  41000000    -27.421532     -0.224069
  41100000    -27.552504     -0.224995
  41200000    -27.593279     -0.144584
  41300000    -27.682881     -0.179640
  41400000    -27.716695     -0.121115
  41500000    -27.787241     -0.114204
  41600000    -27.894951     -0.190432
  41700000    -27.959014     -0.157604
  41800000    -28.004182     -0.047709
  41900000    -28.103219     -0.071568
  42000000    -28.167931     -0.057992
  42100000    -28.293922     -0.130151
  42200000    -28.451166     -0.278854
  42300000    -28.523680     -0.252909
  42400000    -28.599500     -0.236672
  42500000    -28.645514     -0.229484
  42600000    -28.707951     -0.275072
  42700000    -28.791131     -0.257363
  42800000    -28.876627     -0.259218
  42900000    -28.916536     -0.186105
  43000000    -28.995632     -0.157279
  43100000    -29.061266     -0.080183
  43200000    -29.118785     -0.075891
  43300000    -29.154301      0.050770
  43400000    -29.301473     -0.108318
  43500000    -29.344846      0.025035
  43600000    -29.465674     -0.162501
  43700000    -29.519002     -0.222511
  43800000    -29.600047     -0.204507
  43900000    -29.685613     -0.213526
  44000000    -29.760738     -0.266663
  44100000    -29.834976     -0.268269
  44200000    -29.922121     -0.062567
  44300000    -29.966005     -0.044170
  44400000    -30.048070     -0.031698
  44500000    -30.084442      0.095998
  44600000    -30.186251      0.104221
  44700000    -30.285106      0.037209
  44800000    -30.372358     -0.011404
  44900000    -30.388598     -0.284674
  45000000    -30.460014     -0.263327
  45100000    -30.596884     -0.044440
  45200000    -30.658185     -0.077706
  45300000    -30.733705     -0.028247
  45400000    -30.806460     -0.065072
  45500000    -30.875170      0.038221
  45600000    -30.970204     -0.014542
  45700000    -31.016092      0.010502
  45800000    -31.106785     -0.130879
  45900000    -31.178678     -0.266763
  46000000    -31.244312     -0.321340
  46100000    -31.342953     -0.260805
  46200000    -31.423062     -0.178535
  46300000    -31.486494     -0.312291
  46400000    -31.582456     -0.107859
  46500000    -31.645575     -0.230249
  46600000    -31.698493     -0.245842
  46700000    -31.794880     -0.162090
  46800000    -31.890999     -0.008231
  46900000    -31.914474      0.218207
  47000000    -31.931751      0.239583
  47100000    -31.972563      0.263321
  47200000    -32.030970      0.268981
  47300000    -32.062438      0.342498
  47400000    -32.104699      0.369597
  47500000    -32.251984      0.266700
  47600000    -32.277673      0.357476
  47700000    -32.339863      0.381467
  47800000    -32.395954      0.411849
  47900000    -32.486234      0.374959
  48000000    -32.535557      0.409157
  48100000    -32.499657      0.593896
  48200000    -32.680287      0.489586
  48300000    -32.788410      0.470044
  48400000    -32.879496      0.455442
  48500000    -32.986008      0.472519
  48600000    -33.065080      0.436633
  48700000    -33.131716      0.358002
  48800000    -33.168695      0.312047
  48900000    -33.252849      0.455889
  49000000    -33.339919      0.421347
  49100000    -33.408866      0.455190
  49200000    -33.472061      0.344915
  49300000    -33.527176      0.365175
  49400000    -33.598380      0.225242
  49500000    -33.672589      0.158223
  49600000    -33.797482      0.228894
  49700000    -33.891046      0.322172
  49800000    -33.963426      0.309921
  49900000    -34.041042      0.422160
  50000000    -34.092344      0.347245
