         0      3.000000      0.000000
    100000      3.046421      0.029265
    200000      3.104756      0.063178
    300000      3.169868      0.047529
    400000      3.206626     -0.029543
    500000      3.253160     -0.055622
    600000      3.300704     -0.066295
    700000      3.380754     -0.071432
    800000      3.448738      0.002134
    900000      3.518642     -0.087323
   1000000      3.559392     -0.133199
   1100000      3.636158     -0.114176
   1200000      3.681508     -0.162078
   1300000      3.758534     -0.150876
   1400000      3.827221     -0.126558
   1500000      3.063786     -0.686846
   1600000      2.760278     -0.767853
   1700000      2.643196     -0.778173
   1800000      2.339504     -0.452848
   1900000      2.303279     -0.548692
   2000000      2.240599     -0.478587
   2100000      2.167835     -0.557498
   2200000      2.107248     -0.619787
   2300000      2.072672     -0.703916
   2400000      1.984685     -0.697062
   2500000      1.977196     -0.828723
   2600000      1.798443     -0.653769
   2700000      1.723411     -0.614398
   2800000      1.655311     -0.632959
   2900000      1.573666     -0.592665
   3000000      1.505471     -0.583464
   3100000      1.447772     -0.618501
   3200000      1.359105     -0.664371
   3300000      1.289483     -0.740436
   3400000      1.195286     -0.679567
   3500000      1.123969     -0.679956
   3600000      1.044365     -0.690015
   3700000      0.962005     -0.569872
   3800000      0.896101     -0.536015
   3900000      0.834624     -0.559659
   4000000      0.786860     -0.474213
   4100000      0.714646     -0.524195
   4200000      0.607867     -0.483733
   4300000      0.548947     -0.472387
   4400000      0.479678     -0.471146
   4500000      0.411690     -0.668162
   4600000      0.312519     -0.494954
   4700000      0.257650     -0.607626
   4800000      0.226391     -0.767546
   4900000      0.116977     -0.766563
   5000000     -0.007638     -0.633765
   5100000     -0.064286     -0.688727
   5200000     -0.106653     -0.748998
   5300000     -0.197589     -0.780156
   5400000     -0.270724     -0.796741
   5500000     -0.345046     -0.809807
   5600000     -0.456810     -0.643360
   5700000     -0.520177     -0.750964
   5800000     -0.586356     -0.699778
   5900000     -0.681581     -0.601053
   6000000     -0.741200     -0.445772
   6100000     -0.797579     -0.403458
   6200000     -0.905397     -0.519747
   6300000     -0.971759     -0.438588
   6400000     -1.044254     -0.756173
   6500000     -1.105782     -0.864957
   6600000     -1.187336     -0.859119
   6700000     -1.237157     -0.916224
   6800000     -1.338463     -0.887412
   6900000     -1.422417     -0.837080
   7000000     -1.521909     -0.635835
   7100000     -1.597049     -0.704257
   7200000     -1.653059     -0.524266
   7300000     -1.683032     -0.454983
   7400000     -1.783803     -0.563320
   7500000     -1.833159     -0.536682
   7600000     -1.906099     -0.518850
   7700000     -1.993253     -0.539829
   7800000     -2.087138     -0.601947
   7900000     -2.163645     -0.631523
   8000000     -2.233335     -0.562946
   8100000     -2.314640     -0.605336
   8200000     -2.370274     -0.654194
   8300000     -2.449611     -0.617648
   8400000     -2.505962     -0.628953
   8500000     -2.563752     -0.432656
   8600000     -2.669533     -0.556762
   8700000     -2.734652     -0.472840
   8800000     -2.827683     -0.556017
   8900000     -2.898201     -0.585879
   9000000     -2.984887     -0.581884
   9100000     -3.041129     -0.472783
   9200000     -3.166058     -0.638491
   9300000     -3.214795     -0.614626
   9400000     -3.305749     -0.689386
   9500000     -3.398408     -0.742873
   9600000     -3.494591     -0.684496
   9700000     -3.574216     -0.660642
   9800000     -3.633564     -0.684318
   9900000     -3.704535     -0.644469
  10000000     -3.790272     -0.569617
  10100000     -3.836469     -0.718774
  10200000     -3.917213     -0.544213
  10300000     -4.003498     -0.602474
  10400000     -4.068148     -0.568252
  10500000     -4.163832     -0.694806
  10600000     -4.213864     -0.812174
  10700000     -4.270415     -0.868982
  10800000     -4.357808     -0.788799
  10900000     -4.439898     -0.779644
  11000000     -4.506027     -0.713465
  11100000     -4.581180     -0.748433
  11200000     -4.647528     -0.746128
  11300000     -4.722163     -0.819785
  11400000     -4.810270     -0.765296
  11500000     -4.866354     -0.888061
  11600000     -4.962536     -0.784839
  11700000     -5.030778     -0.722524
  11800000     -5.105303     -0.729552
  11900000     -5.147252     -0.914279
  12000000     -5.216713     -0.908447
  12100000     -5.299822     -0.939788
  12200000     -5.380378     -0.975411
  12300000     -5.468560     -0.856896
  12400000     -5.547613     -0.857206
  12500000     -5.623116     -0.946100
  12600000     -5.686668     -0.864129
  12700000     -5.749866     -0.873854
  12800000     -5.815526     -0.899507
  12900000     -5.892121     -0.931723
  13000000     -5.935804     -0.969455
  13100000     -5.984488     -1.158425
  13200000     -6.004686     -1.244960
  13300000     -6.218536     -1.007851
  13400000     -6.274580     -1.025606
  13500000     -6.345915     -1.023836
  13600000     -6.410356     -1.024542
  13700000     -6.470441     -1.082042
  13800000     -6.567859     -0.995559
  13900000     -6.631764     -1.120242
  14000000     -6.699821     -1.110875
  14100000     -6.787401     -1.168639
  14200000     -6.866216     -1.083885
  14300000     -6.883532     -0.938189
  14400000     -7.021834     -1.118492
  14500000     -7.094077     -1.203806
  14600000     -7.191275     -1.188746
  14700000     -7.281451     -1.129828
  14800000     -7.346195     -1.126654
  14900000     -7.420711     -1.144859
  15000000     -7.474654     -1.090285
  15100000     -7.523529     -1.184476
  15200000     -7.607637     -1.152207
  15300000     -7.684553     -1.125732
  15400000     -7.717707     -1.271389
  15500000     -7.825372     -1.256169
  15600000     -7.893897     -1.305282
  15700000     -7.959435     -1.305247
  15800000     -8.067018     -1.138034
  15900000     -8.167424     -1.104116
  16000000     -8.255937     -1.066241
  16100000     -8.317193     -1.154041
  16200000     -8.403526     -0.882230
  16300000     -8.476915     -0.927346
  16400000     -8.537999     -0.892618
  16500000     -8.594866     -0.857290
  16600000     -8.645399     -0.772353
  16700000     -8.727921     -0.803820
  16800000     -8.764845     -0.638876
  16900000     -8.805764     -0.533542
  17000000     -8.843344     -0.486357
  17100000     -8.994249     -0.596401
  17200000     -9.105159     -0.689844
  17300000     -9.147943     -0.555792
  17400000     -9.230876     -0.568140
  17500000     -9.324066     -0.730161
  17600000     -9.393927     -0.793177
  17700000     -9.479939     -0.768349
  17800000     -9.551734     -0.707546
  17900000     -9.625147     -0.690965
  18000000     -9.690095     -0.729223
  18100000     -9.802422     -0.838793
  18200000     -9.845635     -0.876164
  18300000     -9.929483     -0.763185
  18400000     -9.969121     -0.616501
  18500000    -10.060923     -0.651370
  18600000    -10.114549     -0.605221
  18700000    -10.161148     -0.553158
  18800000    -10.297070     -0.733558
  18900000    -10.365328     -0.616527
  19000000    -10.393490     -0.464392
  19100000    -10.452840     -0.424290
  19200000    -10.570080     -0.656815
  19300000    -10.654928     -0.524610
  19400000    -10.719813     -0.459585
  19500000    -10.783038     -0.422734
  19600000    -10.879528     -0.527464
  19700000    -10.950856     -0.554841
  19800000    -11.002597     -0.673943
  19900000    -11.030441     -0.763998
  20000000    -11.045335     -0.896993
  20100000    -11.180730     -0.778825
  20200000    -11.313240     -0.650932
  20300000    -11.397182     -0.624692
  20400000    -11.477580     -0.666073
  20500000    -11.536840     -0.680950
  20600000    -11.653444     -0.570320
  20700000    -11.733891     -0.576670
  20800000    -11.800752     -0.595760
  20900000    -11.858831     -0.495002
  21000000    -11.913267     -0.513377
  21100000    -11.990185     -0.483670
  21200000    -12.067740     -0.418352
  21300000    -12.141035     -0.397051
  21400000    -12.144488     -0.272651
  21500000    -12.269916     -0.312657
  21600000    -12.378633     -0.308045
  21700000    -12.385293     -0.198641
  21800000    -12.376800     -0.081853
  21900000    -12.367976     -0.029336
  22000000    -12.460492      0.012901
  22100000    -12.837725     -0.279215
  22200000    -12.930002     -0.333730
  22300000    -13.002772     -0.498206
  22400000    -13.060644     -0.544032
  22500000    -13.121581     -0.577487
  22600000    -13.227465     -0.396336
  22700000    -13.251010     -0.239812
  22800000    -13.363156     -0.319615
  22900000    -13.436659     -0.293475
  23000000    -13.528579     -0.322219
  23100000    -13.586229     -0.315638
  23200000    -13.650146     -0.248350
  23300000    -13.699356     -0.166577
  23400000    -13.809061     -0.163477
  23500000    -13.912314     -0.188907
  23600000    -13.973746     -0.164368
  23700000    -14.128711     -0.468501
  23800000    -14.166459     -0.575019
  23900000    -14.212718     -0.605921
  24000000    -14.284756     -0.631375
  24100000    -14.415106     -0.520390
  24200000    -14.471979     -0.557018
  24300000    -14.535366     -0.585290
  24400000    -14.613182     -0.563130
  24500000    -14.726757     -0.399878
  24600000    -14.799616     -0.329863
  24700000    -14.878102     -0.342088
  24800000    -14.950767     -0.306589
  24900000    -15.024911     -0.310564
  25000000    -15.097039     -0.226541
  25100000    -15.194399     -0.403039
  25200000    -15.251165     -0.331383
  25300000    -15.326992     -0.401278
  25400000    -15.385209     -0.416842
  25500000    -15.439366     -0.350695
  25600000    -15.144245     -0.238980
  25700000    -15.109387     -0.146693
  25800000    -15.146883     -0.054250
  25900000    -15.121940     -0.008528
  26000000    -15.209147      0.079816
  26100000    -15.390349      0.155396
  26200000    -15.434059      0.191140
  26300000    -15.514282      0.193102
  26400000    -15.606976      0.222797
  26500000    -15.454075      0.387351
  26600000    -15.740955      0.350847
  26700000    -15.806114      0.366421
  26800000    -15.876628      0.355883
  26900000    -15.842149      0.504056
  27000000    -15.848760      0.617970
  27100000    -15.938229      0.611708
  27200000    -16.018515      0.642626
  27300000    -16.211528      0.535787
  27400000    -16.251524      0.609091
  27500000    -16.345993      0.632418
  27600000    -16.493512      0.499832
  27700000    -16.550175      0.557162
  27800000    -16.631535      0.547435
  27900000    -16.692061      0.621558
  28000000    -16.754152      0.644631
  28100000    -16.778577      0.729885
  28200000    -16.916128      0.519843
  28300000    -16.987401      0.605495
  28400000    -17.063566      0.497532
  28500000    -17.134274      0.480881
  28600000    -17.200128      0.454532
  28700000    -17.285598      0.453162
  28800000    -17.353829      0.480053
  28900000    -17.447740      0.436398
  29000000    -17.582557      0.537727
  29100000    -17.673673      0.709437
  29200000    -17.765198      0.661917
  29300000    -17.817540      0.652722
  29400000    -17.887090      0.591755
  29500000    -17.959786      0.561605
  29600000    -18.014604      0.539286
  29700000    -18.057858      0.477180
  29800000    -18.133132      0.501823
  29900000    -18.250283      0.689518
  30000000    -18.349118      0.769695
  30100000    -18.439366      0.710714
  30200000    -18.487007      0.691009
  30300000    -18.525267      0.665602
  30400000    -18.620653      0.750083
  30500000    -18.701359      0.730235
  30600000    -18.778513      0.728659
  30700000    -18.855490      0.580327
  30800000    -18.913268      0.584720
  30900000    -19.016466      0.696994
  31000000    -19.082198      0.708737
  31100000    -19.121936      0.571700
  31200000    -19.188674      0.517148
  31300000    -19.324732      0.709726
  31400000    -19.391852      0.652069
  31500000    -19.442847      0.559302
  31600000    -19.530673      0.639793
  31700000    -19.585479      0.558547
  31800000    -19.664515      0.592842
  31900000    -19.737728      0.561789
  32000000    -19.828043      0.562846
  32100000    -19.913948      0.669199
  32200000    -19.981150      0.632366
  32300000    -20.052729      0.578426
  32400000    -20.106194      0.532002
  32500000    -20.223187      0.644151
  32600000    -20.307387      0.471253
  32700000    -20.402271      0.505768
  32800000    -20.479140      0.482700
  32900000    -20.540803      0.578665
  33000000    -20.613132      0.560313
  33100000    -20.667639      0.488526
  33200000    -20.827242      0.759071
  33300000    -20.915041      0.685148
  33400000    -20.990629      0.648416
  33500000    -21.062438      0.832460
  33600000    -21.156472      0.736917
  33700000    -21.224296      0.879381
  33800000    -21.314803      0.734220
  33900000    -21.386134      0.742845
  34000000    -21.435773      0.649203
  34100000    -21.092504      0.672535
  34200000    -21.024546      0.845394
  34300000    -20.970131      0.920386
  34400000    -20.898172      0.913485
  34500000    -20.860591      1.010162
  34600000    -20.781623      0.976890
  34700000    -20.729708      1.027109
  34800000    -20.661621      1.037425
  34900000    -20.611514      1.041725
  35000000    -20.923651      1.547200
  35100000    -22.192751      1.537952
  35200000    -22.279068      1.557174
  35300000    -22.330519      1.564631
  35400000    -22.420557      1.533745
  35500000    -22.449846      1.652025
  35600000    -22.536186      1.629342
  35700000    -22.602994      1.574687
  35800000    -22.679183      1.558076
  35900000    -22.752650      1.558507
  36000000    -22.838146      1.435063
  36100000    -22.891727      1.528534
  36200000    -22.981933      1.358488
  36300000    -23.048743      1.395083
  36400000    -23.097769      1.330442
  36500000    -23.202710      1.387634
  36600000    -23.264170      1.428706
  36700000    -23.336592      1.427092
  36800000    -23.401415      1.495241
  36900000    -23.474104      1.458483
  37000000    -23.535301      1.429757
  37100000    -23.632418      1.422063
  37200000    -23.702147      1.389120
  37300000    -23.799387      1.437207
  37400000    -23.869014      1.513634
  37500000    -23.950326      1.426272
  37600000    -24.019343      1.498545
  37700000    -24.094076      1.493506
  37800000    -24.157824      1.446148
  37900000    -24.258875      1.410436
  38000000    -24.337596      1.376531
  38100000    -24.419452      1.391254
  38200000    -24.501913      1.374522
  38300000    -24.571062      1.423889
  38400000    -24.644931      1.436021
  38500000    -24.711580      1.430111
  38600000    -24.764849      1.498998
  38700000    -24.843303      1.513209
  38800000    -24.927476      1.481979
  38900000    -24.990265      1.488463
  39000000    -25.065159      1.532725
  39100000    -25.109363      1.622961
  39200000    -25.166822      1.649706
  39300000    -25.257845      1.608822
  39400000    -25.350158      1.569967
  39500000    -25.418392      1.543802
  39600000    -25.504825      1.576826
  39700000    -25.567355      1.650721
  39800000    -25.673540      1.493250
  39900000    -25.758370      1.509916
  40000000    -25.837681      1.435034
  40100000    -25.891813      1.467024
  40200000    -25.990547      1.332695
  40300000    -26.058882      1.501939
  40400000    -26.139969      1.391580
  40500000    -26.214880      1.500191
  40600000    -26.296701      1.349727
  40700000    -26.364995      1.359818
  40800000    -26.446094      1.312371
  40900000    -26.543674      1.414759
  41000000    -26.603427      1.392597
  41100000    -26.725069      1.304414
  41200000    -26.790262      1.377464
  41300000    -26.892098      1.499204
  41400000    -26.968134      1.371310
  41500000    -27.049144      1.421817
  41600000    -27.134118      1.438755
  41700000    -27.181527      1.220324
  41800000    -27.260735      1.274400
  41900000    -27.333872      1.263841
  42000000    -27.403562      1.313283
  42100000    -27.487663      1.285996
  42200000    -27.560382      1.523604
  42300000    -27.661247      1.448121
  42400000    -27.734626      1.407607
  42500000    -27.815939      1.466326
  42600000    -27.886105      1.628907
  42700000    -27.974836      1.632452
  42800000    -28.067154      1.576512
  42900000    -28.127272      1.585713
  43000000    -28.211598      1.596620
  43100000    -28.268168      1.501603
  43200000    -28.388930      1.589860
  43300000    -28.449612      1.597372
  43400000    -28.559165      1.525755
  43500000    -28.607423      1.355818
  43600000    -28.689666      1.381846
  43700000    -28.773257      1.395912
  43800000    -28.845347      1.392970
  43900000    -28.905259      1.257039
  44000000    -28.947962      1.206683
  44100000    -29.071422      1.362574
  44200000    -29.122813      1.244384
  44300000    -29.153812      1.095426
  44400000    -29.211884      1.156805
  44500000    -29.234860      1.097927
  44600000    -29.323935      1.128553
  44700000    -29.378839      1.070129
  44800000    -29.513333      1.360829
  44900000    -29.578005      1.197339
  45000000    -29.653993      1.156207
  45100000    -29.706982      1.132500
  45200000    -29.767356      1.092498
  45300000    -29.794170      1.043573
  45400000    -29.866442      1.048692
  45500000    -30.028079      1.166020
  45600000    -30.104569      1.193571
  45700000    -30.213538      1.405900
  45800000    -30.279045      1.407853
  45900000    -30.395801      1.528329
  46000000    -30.452975      1.552720
  46100000    -30.526356      1.510813
  46200000    -30.635139      1.457694
  46300000    -30.691364      1.484410
  46400000    -30.724158      1.359647
  46500000    -30.854105      1.454041
  46600000    -30.911951      1.437821
  46700000    -30.997159      1.566208
  46800000    -31.083333      1.512451
  46900000    -31.154433      1.467409
  47000000    -31.228230      1.402033
  47100000    -31.339971      1.554584
  47200000    -31.402866      1.498795
  47300000    -31.487905      1.571005
  47400000    -31.561154      1.616473
  47500000    -31.635583      1.648192
  47600000    -31.717172      1.418201
  47700000    -31.782015      1.422023
  47800000    -31.865890      1.489047
  47900000    -31.941324      1.474200
  48000000    -32.015952      1.376267
  48100000    -32.089429      1.390240
  48200000    -32.167406      1.428039
  48300000    -32.234615      1.389146
  48400000    -32.299747      1.401689
  48500000    -32.400035      1.399304
  48600000    -32.460775      1.403161
  48700000    -32.560501      1.398719
  48800000    -32.636218      1.400905
  48900000    -32.694064      1.316392
  49000000    -32.782860      1.409729
  49100000    -32.846757      1.506387
  49200000    -32.940004      1.468898
  49300000    -33.012218      1.425128
  49400000    -33.082508      1.469246
  49500000    -33.157548      1.370036
  49600000    -33.222330      1.445300
  49700000    -33.332140      1.339023
  49800000    -33.405470      1.259987
  49900000    -33.488882      1.326809
  50000000    -33.598117      1.305928
