         0      3.000000      0.000000
    100000      3.034448      0.041829
    200000      3.089867     -0.086043
    300000      3.153783     -0.066200
    400000      3.209129     -0.078766
    500000      3.276044     -0.038957
    600000      3.335629     -0.129698
    700000      3.391239     -0.103014
    800000      3.447197     -0.195050
    900000      3.525915     -0.099843
   1000000      3.594681     -0.068432
   1100000      3.650362     -0.050640
   1200000      3.696956     -0.132565
   1300000      3.779076     -0.105411
   1400000      3.812783     -0.194558
   1500000      3.894279     -0.194282
   1600000      3.957257     -0.184490
   1700000      4.017384     -0.170945
   1800000      4.040710     -0.261949
   1900000      4.138257     -0.191132
   2000000      4.194870     -0.175645
   2100000      4.246222     -0.147847
   2200000      4.279036     -0.343171
   2300000      4.314254     -0.443682
   2400000      4.376010     -0.435134
   2500000      4.405971     -0.505582
   2600000      4.458281     -0.545627
   2700000      4.486660     -0.644250
   2800000      4.535491     -0.698040
   2900000      3.601672     -1.177388
   3000000      3.664954     -1.276542
   3100000      3.631252     -1.321755
   3200000      3.393539     -1.180406
   3300000      3.375534     -1.296124
   3400000      3.349918     -1.347444
   3500000      3.249422     -1.299202
   3600000      3.121556     -1.313583
   3700000      3.123819     -1.437318
   3800000      2.940700     -1.253664
   3900000      2.867654     -1.216757
   4000000      2.778670     -1.190589
   4100000      2.712369     -1.178819
   4200000      2.673674     -1.146452
   4300000      2.599913     -1.153385
   4400000      2.517385     -1.211427
   4500000      2.432720     -1.104211
   4600000      2.366413     -1.133017
   4700000      2.238477     -1.191719
   4800000      2.183439     -1.178570
   4900000      2.122904     -1.157522
   5000000      2.089399     -1.070633
   5100000      1.980605     -1.193734
   5200000      1.915944     -1.143478
   5300000      1.881390     -1.069446
   5400000      1.845680     -1.024610
   5500000      1.717668     -1.115553
   5600000      1.612143     -1.181359
   5700000      1.553458     -1.204147
   5800000      1.477826     -1.131878
   5900000      1.379939     -1.126865
   6000000      1.329049     -1.093318
   6100000      1.286761     -0.949089
   6200000      1.221468     -0.957713
   6300000      1.055674     -1.341047
   6400000      0.996635     -1.359434
   6500000      0.934592     -1.375247
   6600000      0.864789     -1.331241
   6700000      0.781333     -1.319454
   6800000      0.667385     -1.283213
   6900000      0.586434     -1.268053
   7000000      0.511670     -1.232221
   7100000      0.459129     -1.277688
   7200000      0.374525     -1.171413
   7300000      0.333562     -1.034672
   7400000      0.254531     -1.228216
   7500000      0.200478     -1.059874
   7600000      0.130900     -1.084887
   7700000      0.063871     -1.178049
   7800000      0.011262     -1.205032
   7900000     -0.069355     -1.182426
   8000000     -0.121443     -1.265973
   8100000     -0.194817     -1.215425
   8200000     -0.222262     -1.177456
   8300000     -0.335487     -1.294687
   8400000     -0.377307     -1.378571
   8500000     -0.454804     -1.416749
   8600000     -0.498759     -1.489627
   8700000     -0.627142     -1.311309
   8800000     -0.698667     -1.364824
   8900000     -0.780338     -1.370037
   9000000     -0.799500     -1.523655
   9100000     -0.934066     -1.346800
   9200000     -0.997347     -1.291581
   9300000     -1.056218     -1.258397
   9400000     -1.139716     -1.298284
   9500000     -1.217083     -1.380222
   9600000     -1.265054     -1.602718
   9700000     -1.333884     -1.667090
   9800000     -1.382266     -1.739451
   9900000     -1.493438     -1.704207
  10000000     -1.554050     -1.671401
  10100000     -1.592845     -1.595537
  10200000     -1.625603     -1.981842
  10300000     -1.666639     -2.052545
  10400000     -1.739595     -2.057750
  10500000     -1.733630     -2.172354
  10600000     -1.916199     -2.056806
  10700000     -1.994012     -2.069738
  10800000     -2.145944     -1.792258
  10900000     -2.222267     -1.718383
  11000000     -2.288145     -1.695589
  11100000     -2.357268     -1.686717
  11200000     -2.437990     -1.638757
  11300000     -2.520403     -1.671612
  11400000     -2.583466     -1.613911
  11500000     -2.629521     -1.537070
  11600000     -2.692666     -1.516678
  11700000     -2.816989     -1.678340
  11800000     -2.891451     -1.631907
  11900000     -2.959742     -1.618792
  12000000     -2.961672     -1.469259
  12100000     -3.088082     -1.539762
  12200000     -3.168612     -1.531568
  12300000     -3.254549     -1.683917
  12400000     -3.307568     -1.578843
  12500000     -3.385783     -1.602672
  12600000     -3.426588     -1.563153
  12700000     -3.525204     -1.784576
  12800000     -3.568377     -1.535558
  12900000     -3.669003     -1.713105
  13000000     -3.732315     -1.766972
  13100000     -3.785770     -1.819537
  13200000     -3.888805     -1.746348
  13300000     -3.930115     -1.629967
  13400000     -4.058276     -1.867816
  13500000     -4.128819     -1.900503
  13600000     -4.180944     -1.827251
  13700000     -4.258359     -1.828186
  13800000     -4.285590     -1.741396
  13900000     -4.439518     -1.919086
  14000000     -4.517523     -1.864119
  14100000     -4.580848     -1.939855
  14200000     -4.687054     -1.711299
  14300000     -4.773533     -1.658372
  14400000     -4.864825     -1.723552
  14500000     -4.940023     -1.797711
  14600000     -5.011061     -1.754928
  14700000     -5.099018     -1.686901
  14800000     -5.162777     -1.653855
  14900000     -5.232235     -1.596031
  15000000     -5.343904     -1.775722
  15100000     -5.372782     -1.915313
  15200000     -5.484663     -1.890450
  15300000     -5.544096     -1.955016
  15400000     -5.642651     -1.894013
  15500000     -5.720553     -1.874628
  15600000     -5.781108     -1.720355
  15700000     -5.871240     -1.848431
  15800000     -5.955467     -1.786039
  15900000     -6.026504     -1.786111
  16000000     -6.085902     -1.886271
  16100000     -6.154401     -1.937320
  16200000     -6.244277     -1.897165
  16300000     -6.276990     -1.986124
  16400000     -6.396332     -1.905901
  16500000     -6.492724     -1.785871
  16600000     -6.560907     -1.649364
  16700000     -6.628808     -1.630611
  16800000     -6.680613     -1.564972
  16900000     -6.715815     -1.494398
  17000000     -6.882046     -1.887753
  17100000     -6.985494     -1.664631
  17200000     -7.059597     -1.753096
  17300000     -7.144453     -1.765795
  17400000     -7.241650     -1.639163
  17500000     -7.300831     -1.590906
  17600000     -7.389615     -1.628117
  17700000     -7.455520     -1.606765
  17800000     -7.528567     -1.671978
  17900000     -7.576336     -1.791582
  18000000     -7.624588     -1.844639
  18100000     -7.680596     -1.828676
  18200000     -7.722736     -1.915612
  18300000     -7.795045     -1.949881
  18400000     -7.889735     -1.843335
  18500000     -7.939864     -1.810196
  18600000     -8.012980     -1.866511
  18700000     -8.109682     -1.833457
  18800000     -8.196066     -1.835126
  18900000     -8.244379     -2.024771
  19000000     -8.350459     -1.972995
  19100000     -8.389462     -2.085947
  19200000     -8.393232     -2.195858
  19300000     -8.471978     -2.208691
  19400000     -8.523862     -2.248466
  19500000     -8.589981     -2.261943
  19600000     -8.653676     -2.278705
  19700000     -8.733691     -2.304868
  19800000     -8.830795     -2.278144
  19900000     -8.926075     -2.249775
  20000000     -8.989302     -2.287622
  20100000     -9.039316     -2.329828
  20200000     -9.143484     -2.290277
  20300000     -9.255665     -2.060319
  20400000     -9.306220     -2.288246
  20500000     -9.336787     -2.405211
  20600000     -9.347909     -2.530816
  20700000     -9.434673     -2.539294
  20800000     -9.528803     -2.490308
  20900000     -9.632408     -2.447151
  21000000     -9.656700     -2.621636
  21100000     -9.774975     -2.551473
  21200000     -9.848546     -2.577211
  21300000     -9.924968     -2.549902
  21400000    -10.007920     -2.549171
  21500000    -10.079252     -2.653496
  21600000    -10.208629     -2.451069
  21700000    -10.286959     -2.529185
  21800000    -10.344304     -2.595131
  21900000    -10.411663     -2.584314
  22000000    -10.528167     -2.441377
  22100000    -10.617876     -2.398431
  22200000    -10.681249     -2.404395
  22300000    -10.759058     -2.288584
  22400000    -10.826303     -2.188762
  22500000    -10.918714     -2.338460
  22600000    -10.980620     -2.281890
  22700000    -11.057825     -2.274274
  22800000    -11.113757     -2.210442
  22900000    -11.175306     -2.458722
  23000000    -11.261267     -2.397203
  23100000    -11.334006     -2.413277
  23200000    -11.362123     -2.591241
  23300000    -11.465509     -2.550821
  23400000    -11.532317     -2.659124
  23500000    -11.647425     -2.445358
  23600000    -11.724826     -2.544137
  23700000    -11.801317     -2.629593
  23800000    -11.932295     -2.395435
  23900000    -11.969162     -2.524621
  24000000    -12.081138     -2.400837
  24100000    -12.163177     -2.397929
  24200000    -12.216418     -2.325640
  24300000    -12.301863     -2.370299
  24400000    -12.371127     -2.352211
  24500000    -12.443559     -2.299605
  24600000    -12.506181     -2.158501
  24700000    -12.593642     -2.189012
  24800000    -12.655700     -2.184008
  24900000    -12.734876     -2.372094
  25000000    -12.788980     -2.111185
  25100000    -12.849512     -2.124863
  25200000    -12.911591     -2.046172
  25300000    -12.952031     -1.949142
  25400000    -13.080070     -2.073977
  25500000    -13.147352     -2.012237
  25600000    -13.235233     -1.991500
  25700000    -13.312384     -1.953147
  25800000    -13.433157     -2.230539
  25900000    -13.533964     -2.046308
  26000000    -13.621307     -2.028407
  26100000    -13.699170     -2.176948
  26200000    -13.766818     -2.021161
  26300000    -13.819458     -1.958498
  26400000    -13.932406     -2.210926
  26500000    -14.006546     -2.114942
  26600000    -14.083349     -2.165831
  26700000    -14.140580     -2.174031
  26800000    -14.195814     -2.186103
  26900000    -14.275371     -2.110562
  27000000    -14.351756     -2.105298
  27100000    -14.379711     -2.028363
  27200000    -14.446328     -1.996833
  27300000    -14.519076     -1.985754
  27400000    -14.650625     -2.223182
  27500000    -14.695295     -2.305666
  27600000    -14.819537     -2.190124
  27700000    -14.858435     -1.960653
  27800000    -14.967498     -2.053350
  27900000    -15.028870     -1.970639
  28000000    -15.097366     -2.022365
  28100000    -15.137413     -1.875647
  28200000    -15.256605     -1.994178
  28300000    -15.307839     -1.926158
  28400000    -15.410709     -2.042120
  28500000    -15.473092     -2.019325
  28600000    -15.560232     -2.037369
  28700000    -15.630601     -1.957367
  28800000    -15.700006     -1.969345
  28900000    -15.801648     -2.077290
  29000000    -15.856846     -2.156789
  29100000    -15.937641     -1.993778
  29200000    -16.025789     -2.066471
  29300000    -16.117171     -2.045477
  29400000    -16.194461     -1.996766
  29500000    -16.244042     -1.949040
  29600000    -16.364067     -2.128522
  29700000    -16.425391     -2.115058
  29800000    -16.518936     -2.207381
  29900000    -16.579003     -2.311449
  30000000    -16.642085     -2.346125
  30100000    -16.674516     -2.435635
  30200000    -16.773134     -2.377178
  30300000    -16.849720     -2.417803
  30400000    -16.917757     -2.451422
  30500000    -17.052229     -2.337150
  30600000    -17.136058     -2.301060
  30700000    -17.221423     -2.377600
  30800000    -17.265819     -2.432330
  30900000    -17.410169     -2.252002
  31000000    -17.481149     -2.219757
  31100000    -17.537287     -2.324707
  31200000    -17.585635     -2.352962
  31300000    -17.627151     -2.410479
  31400000    -17.772119     -2.190022
  31500000    -17.832852     -2.021141
  31600000    -17.893493     -1.955482
  31700000    -17.994933     -1.993647
  31800000    -18.055454     -2.203368
  31900000    -18.143230     -2.006343
  32000000    -18.220450     -2.132287
  32100000    -18.311359     -2.056946
  32200000    -18.383563     -2.082324
  32300000    -18.486733     -2.133762
  32400000    -18.537904     -2.204189
  32500000    -18.556658     -1.878751
  32600000    -18.674566     -1.974544
  32700000    -18.763137     -2.010301
  32800000    -18.859819     -2.104643
  32900000    -18.921242     -2.131321
  33000000    -18.983771     -2.074368
  33100000    -19.077073     -2.109484
  33200000    -19.142524     -2.001552
  33300000    -19.266526     -2.142725
  33400000    -19.325980     -2.170567
  33500000    -19.410671     -2.066678
  33600000    -19.492959     -2.135329
  33700000    -19.577070     -2.217504
  33800000    -19.660928     -2.263929
  33900000    -19.736953     -2.281663
  34000000    -19.814058     -2.274475
  34100000    -19.888992     -2.314913
  34200000    -19.933260     -2.423671
  34300000    -20.043824     -2.301979
  34400000    -20.108141     -2.384007
  34500000    -20.211250     -2.401527
  34600000    -20.272648     -2.489600
  34700000    -20.294278     -2.612729
  34800000    -20.461320     -2.394257
  34900000    -20.539328     -2.412823
  35000000    -20.595901     -2.449305
  35100000    -20.672691     -2.443852
  35200000    -20.751108     -2.455831
  35300000    -20.821806     -2.366438
  35400000    -20.878210     -2.313463
  35500000    -20.948174     -2.491137
  35600000    -21.002290     -2.605637
  35700000    -21.075047     -2.635657
  35800000    -21.191703     -2.416399
  35900000    -21.251098     -2.288555
  36000000    -21.310509     -2.189171
  36100000    -21.372152     -2.157527
  36200000    -21.462945     -2.184217
  36300000    -21.466895     -1.996660
  36400000    -21.595622     -2.075470
  36500000    -21.653114     -2.081987
  36600000    -21.714144     -2.095819
  36700000    -21.783205     -2.213804
  36800000    -21.859066     -2.161851
  36900000    -21.926202     -2.233059
  37000000    -22.006445     -2.132825
  37100000    -22.103414     -2.098804
  37200000    -22.154636     -1.987707
  37300000    -22.222012     -2.186928
  37400000    -22.285370     -2.193116
  37500000    -22.357158     -2.217418
  37600000    -22.460651     -2.184560
  37700000    -22.520112     -2.182848
  37800000    -22.571561     -2.250723
  37900000    -22.680846     -2.092933
  38000000    -22.747772     -2.135806
  38100000    -22.835895     -2.118975
  38200000    -22.892291     -1.994410
  38300000    -22.971130     -2.020768
  38400000    -23.073272     -2.100849
  38500000    -23.148077     -2.096692
  38600000    -23.212666     -2.081519
  38700000    -23.292980     -2.114955
  38800000    -23.356254     -2.174697
  38900000    -23.361114     -2.337813
  39000000    -23.491227     -2.294935
  39100000    -23.585227     -2.227447
  39200000    -23.611008     -2.306537
  39300000    -23.717592     -2.257764
  39400000    -23.749999     -2.331062
  39500000    -23.811823     -2.376938
  39600000    -23.863188     -2.388539
  39700000    -23.984078     -2.334564
  39800000    -24.091721     -2.262539
  39900000    -24.143158     -2.290775
  40000000    -24.259411     -2.083833
  40100000    -24.348378     -2.017960
  40200000    -24.397164     -2.057683
  40300000    -24.488909     -1.951961
  40400000    -24.561724     -2.049367
  40500000    -24.646217     -2.015868
  40600000    -24.709968     -2.043752
  40700000    -24.789250     -2.036915
  40800000    -24.853571     -1.923908
  40900000    -24.929478     -2.054385
  41000000    -25.015292     -1.990402
  41100000    -25.082115     -1.855216
  41200000    -25.149025     -1.831971
  41300000    -25.234333     -1.981824
  41400000    -25.280584     -1.858872
  41500000    -25.376850     -2.004954
  41600000    -25.458143     -1.993304
  41700000    -25.526449     -1.954337
  41800000    -25.606340     -2.033441
  41900000    -25.677047     -1.999371
  42000000    -25.749512     -2.114497
  42100000    -25.802420     -2.163425
  42200000    -25.905158     -2.158619
  42300000    -25.995357     -2.124284
  42400000    -26.071140     -2.116515
  42500000    -26.137366     -2.072667
  42600000    -26.210765     -2.077095
  42700000    -26.280309     -2.034568
  42800000    -26.360813     -2.006168
  42900000    -26.431859     -2.068800
  43000000    -26.500166     -2.114162
  43100000    -26.591724     -2.076494
  43200000    -26.636066     -2.200010
  43300000    -26.783470     -2.023646
  43400000    -26.868220     -1.996364
  43500000    -26.949247     -1.958308
  43600000    -27.014798     -2.070721
  43700000    -27.105724     -1.941209
  43800000    -27.190900     -2.024363
  43900000    -27.255463     -1.926128
  44000000    -27.345178     -2.051420
  44100000    -27.414111     -2.060907
  44200000    -27.482610     -2.129224
  44300000    -27.563652     -2.202956
  44400000    -27.645879     -2.168699
  44500000    -27.735732     -2.088985
  44600000    -27.809321     -2.159688
  44700000    -27.863366     -2.200699
  44800000    -27.944869     -1.951092
  44900000    -28.023221     -2.083094
  45000000    -28.038464     -1.808836
  45100000    -28.145687     -1.903382
  45200000    -28.233744     -2.054898
  45300000    -28.281362     -2.142093
  45400000    -28.395214     -1.956226
  45500000    -28.458181     -1.929752
  45600000    -28.516076     -1.876716
  45700000    -28.536666     -1.768491
  45800000    -28.688951     -1.891971
  45900000    -28.793340     -2.057928
  46000000    -28.860135     -2.104077
  46100000    -28.910603     -2.205855
  46200000    -28.916174     -2.355532
  46300000    -29.013029     -2.329020
  46400000    -29.138029     -2.235490
  46500000    -29.218002     -2.105533
  46600000    -29.283542     -2.285242
  46700000    -29.380983     -2.228811
  46800000    -29.479205     -2.082614
  46900000    -29.537153     -2.036779
  47000000    -29.623030     -2.119839
  47100000    -29.697627     -2.174937
  47200000    -29.783749     -2.229067
  47300000    -29.852829     -2.136762
  47400000    -29.918665     -2.126448
  47500000    -29.987026     -2.062070
  47600000    -30.062026     -2.000714
  47700000    -30.118844     -2.002592
  47800000    -30.215283     -1.977465
  47900000    -30.268116     -1.891381
  48000000    -30.334909     -1.871671
  48100000    -30.450730     -2.064142
  48200000    -30.534941     -2.073337
  48300000    -30.602924     -1.983632
  48400000    -30.656693     -2.008113
  48500000    -30.708934     -1.790209
  48600000    -30.778410     -1.777316
  48700000    -30.863509     -1.760310
  48800000    -30.907251     -1.647219
  48900000    -30.933922     -1.590828
  49000000    -31.063585     -1.660200
  49100000    -31.095163     -1.546009
  49200000    -31.141324     -1.507626
  49300000    -31.183358     -1.468444
  49400000    -31.401797     -1.658476
  49500000    -31.498929     -1.776514
  49600000    -31.566169     -1.807041
  49700000    -31.629659     -1.706942
  49800000    -31.688906     -1.665619
  49900000    -31.687394     -1.565008
  50000000    -31.774445     -1.548846
