         0      3.000000      0.000000
    100000      3.052250     -0.029631
    200000      3.088839     -0.146491
    300000      3.152127     -0.176523
    400000      3.170062     -0.245897
    500000      3.254359     -0.197898
    600000      3.245965     -0.384528
    700000      3.306015     -0.386948
    800000      3.345291     -0.406402
    900000      3.303966     -0.572631
   1000000      3.168437     -0.695105
   1100000      3.136453     -0.774737
   1200000      3.483325     -0.645958
   1300000      3.365421     -0.837269
   1400000      3.415820     -0.910630
   1500000      3.389330     -0.978405
   1600000      3.624527     -0.966554
   1700000      3.591000     -1.066309
   1800000      3.639455     -1.092160
   1900000      3.593925     -1.194922
   2000000      3.635928     -1.230296
   2100000      3.680692     -1.284867
   2200000      3.780795     -1.348807
   2300000      4.007616     -1.256760
   2400000      3.920912     -1.395232
   2500000      3.933615     -1.465280
   2600000      3.950141     -1.525059
   2700000      3.981763     -1.563687
   2800000      3.862038     -1.638308
   2900000      3.898282     -1.725941
   3000000      4.185144     -1.705261
   3100000      4.232396     -1.761000
   3200000      4.253473     -1.822348
   3300000      4.275171     -1.885100
   3400000      4.144477     -2.008035
   3500000      4.107111     -2.064905
   3600000      4.014960     -2.116938
   3700000      3.995720     -2.253939
   3800000      3.994147     -2.319373
   3900000      4.041618     -2.386970
   4000000      4.055672     -2.449405
   4100000      3.930655     -2.554411
   4200000      3.910024     -2.606275
   4300000      4.005041     -2.667331
   4400000      3.846661     -2.697415
   4500000      3.938961     -2.761132
   4600000      4.144896     -2.834382
   4700000      4.146329     -2.905641
   4800000      4.009466     -3.007384
   4900000      4.025625     -3.079599
   5000000      3.984686     -3.129247
   5100000      3.984461     -3.200721
   5200000      3.982322     -3.296130
   5300000      3.903237     -3.329930
   5400000      4.172437     -3.447761
   5500000      4.052498     -3.524880
   5600000      4.061667     -3.584857
   5700000      4.286771     -3.636368
   5800000      4.244902     -3.719670
   5900000      4.290461     -3.760795
   6000000      4.309904     -3.828224
   6100000      4.232834     -3.918004
   6200000      4.316567     -3.960700
   6300000      4.306793     -4.049939
   6400000      4.310045     -4.113002
   6500000      4.270857     -4.187778
   6600000      4.213571     -4.248982
   6700000      4.296457     -4.331003
   6800000      4.269786     -4.386330
   6900000      4.297622     -4.465819
   7000000      4.331077     -4.535240
   7100000      4.375730     -4.593463
   7200000      4.348729     -4.660522
   7300000      4.279961     -4.698214
   7400000      4.223737     -4.747166
   7500000      4.420515     -4.827549
   7600000      4.511262     -4.906437
   7700000      4.285987     -4.982756
   7800000      4.265278     -5.053513
   7900000      4.240330     -5.113433
   8000000      4.209590     -5.162876
   8100000      4.200662     -5.246057
   8200000      4.181967     -5.296336
   8300000      4.031599     -5.288034
   8400000      3.941005     -5.267843
   8500000      3.960743     -5.390597
   8600000      3.921348     -5.441754
   8700000      3.846170     -5.437732
   8800000      3.840614     -5.542433
   8900000      3.831570     -5.631877
   9000000      3.799089     -5.682720
   9100000      3.661152     -5.645333
   9200000      3.670616     -5.729700
   9300000      3.577087     -5.687941
   9400000      3.537600     -5.776161
   9500000      3.476227     -5.806887
   9600000      3.429707     -5.877297
   9700000      3.351383     -5.883193
   9800000      3.283318     -5.851936
   9900000      3.233382     -5.890169
  10000000      3.188359     -5.951669
  10100000      3.113084     -5.924291
  10200000      3.067784     -5.980915
  10300000      2.949977     -5.819870
  10400000      2.957753     -6.044093
  10500000      2.925531     -6.117088
  10600000      2.773469     -5.998952
  10700000      2.703635     -6.031536
  10800000      2.688281     -6.182371
  10900000      2.684378     -6.309981
  11000000      2.579831     -6.309480
  11100000      2.540951     -6.361114
  11200000      2.396225     -6.279040
  11300000      2.322545     -6.274342
  11400000      2.275391     -6.303153
  11500000      2.160300     -6.295417
  11600000      2.094755     -6.335754
  11700000      2.025206     -6.367162
  11800000      1.952710     -6.338688
  11900000      1.887297     -6.396024
  12000000      1.854789     -6.480593
  12100000      1.863025     -6.651568
  12200000      1.753918     -6.594836
  12300000      1.749566     -6.721704
  12400000      1.671857     -6.730554
  12500000      1.630023     -6.777693
  12600000      1.502124     -6.749862
  12700000      1.405832     -6.700906
  12800000      1.347417     -6.714420
  12900000      1.286264     -6.686833
  13000000      1.229043     -6.733444
  13100000      1.217877     -6.840790
  13200000      1.135792     -6.823021
  13300000      1.046441     -6.813392
  13400000      1.105100     -7.003030
  13500000      1.167311     -7.089847
  13600000      0.979031     -7.035936
  13700000      0.818640     -6.983944
  13800000      0.699982     -6.945734
  13900000      0.650711     -6.995609
  14000000      0.667086     -7.134040
  14100000      0.659669     -7.190904
  14200000      0.528103     -7.178472
  14300000      0.538802     -7.266169
  14400000      0.561963     -7.381519
  14500000      0.594269     -7.463996
  14600000      0.438350     -7.436447
  14700000      0.450709     -7.512227
  14800000      0.419539     -7.561485
  14900000      0.383349     -7.593639
  15000000      0.396668     -7.673142
  15100000      0.231455     -7.666775
  15200000      0.190953     -7.723865
  15300000      0.211166     -7.802979
  15400000      0.041850     -7.757378
  15500000     -0.020637     -7.791915
  15600000     -0.047681     -7.827897
  15700000     -0.079751     -7.869673
  15800000     -0.118370     -7.946882
  15900000     -0.149436     -8.002343
  16000000     -0.255552     -7.993018
  16100000     -0.298008     -8.040421
  16200000     -0.344105     -8.051268
  16300000     -0.325810     -8.156560
  16400000     -0.443027     -8.235422
  16500000     -0.775906     -8.036115
  16600000     -0.880089     -7.988703
  16700000     -0.936881     -8.037700
  16800000     -0.994316     -8.054067
  16900000     -1.064965     -8.032257
  17000000     -1.107789     -8.077082
  17100000     -1.177555     -8.166230
  17200000     -1.262845     -8.126289
  17300000     -1.341676     -8.118498
  17400000     -1.431463     -8.102867
  17500000     -1.492114     -8.145753
  17600000     -1.548711     -8.238884
  17700000     -1.560346     -8.349241
  17800000     -1.540128     -8.466426
  17900000     -1.690305     -8.415043
  18000000     -1.784298     -8.390781
  18100000     -1.982542     -7.935706
  18200000     -2.049751     -7.983275
  18300000     -2.130621     -7.963282
  18400000     -2.200893     -8.084074
  18500000     -2.259649     -7.987692
  18600000     -2.325443     -7.941163
  18700000     -2.384303     -7.946774
  18800000     -2.456291     -7.944470
  18900000     -2.520273     -7.906033
  19000000     -2.527373     -7.722991
  19100000     -2.660226     -7.830868
  19200000     -2.761598     -7.889241
  19300000     -2.830219     -7.879948
  19400000     -2.898731     -7.945675
  19500000     -2.971033     -7.906501
  19600000     -3.041897     -7.922082
  19700000     -3.113086     -7.963282
  19800000     -3.168979     -8.015240
  19900000     -3.241421     -7.747672
  20000000     -3.265828     -7.618370
  20100000     -3.282023     -7.527477
  20200000     -3.314144     -7.456040
  20300000     -3.223985     -7.333200
  20400000     -3.391386     -7.329233
  20500000     -3.425827     -7.247182
  20600000     -3.585713     -7.337240
  20700000     -3.527403     -7.177878
  20800000     -3.560886     -7.094380
  20900000     -3.681931     -7.104779
  21000000     -3.720058     -7.064457
  21100000     -3.726708     -6.991150
  21200000     -3.840147     -6.993387
  21300000     -3.903813     -6.991387
  21400000     -3.908483     -6.873395
  21500000     -3.970673     -6.838762
  21600000     -4.099088     -6.856889
  21700000     -4.177237     -6.848866
  21800000     -4.206135     -6.784300
  21900000     -4.270490     -6.756417
  22000000     -4.518481     -6.917999
  22100000     -4.590027     -6.940013
  22200000     -4.646000     -6.915065
  22300000     -4.689311     -6.828322
  22400000     -4.778994     -6.849682
  22500000     -4.847400     -6.887037
  22600000     -4.903766     -6.884977
  22700000     -4.984357     -6.918661
  22800000     -5.009417     -6.761995
  22900000     -5.100267     -6.793866
  23000000     -5.175839     -6.786254
  23100000     -5.225691     -6.724843
  23200000     -5.304856     -6.737858
  23300000     -5.323078     -6.586828
  23400000     -5.452057     -6.754699
  23500000     -5.499628     -6.609752
  23600000     -5.497748     -6.475137
  23700000     -5.579160     -6.467853
  23800000     -5.570198     -6.327661
  23900000     -5.668410     -6.315953
  24000000     -5.608511     -6.185397
  24100000     -5.744294     -6.188191
  24200000     -5.814645     -6.142841
  24300000     -5.871768     -6.125069
  24400000     -6.012090     -6.163115
  24500000     -6.051331     -6.108903
  24600000     -6.096513     -6.064698
  24700000     -6.128904     -5.967110
  24800000     -6.128737     -5.834543
  24900000     -6.129420     -5.757791
  25000000     -6.108618     -5.672558
  25100000     -6.216101     -5.633366
  25200000     -6.322854     -5.644371
  25300000     -6.543450     -5.813136
  25400000     -6.578721     -5.764681
  25500000     -6.601055     -5.696657
  25600000     -6.606891     -5.605169
  25700000     -6.635735     -5.556169
  25800000     -6.715254     -5.508352
  25900000     -6.963510     -5.723384
  26000000     -7.011413     -5.705701
  26100000     -7.021928     -5.614781
  26200000     -7.046876     -5.484968
  26300000     -7.075045     -5.417752
  26400000     -7.127160     -5.352060
  26500000     -7.228286     -5.377919
  26600000     -7.410050     -5.546075
  26700000     -7.512802     -5.567931
  26800000     -7.586349     -5.614094
  26900000     -7.639224     -5.566146
  27000000     -7.714006     -5.660028
  27100000     -7.779961     -5.595715
  27200000     -7.845423     -5.659426
  27300000     -7.903267     -5.581740
  27400000     -7.984568     -5.616954
  27500000     -8.058068     -5.618842
  27600000     -8.127505     -5.509358
  27700000     -8.194809     -5.449184
  27800000     -8.218591     -5.301050
  27900000     -8.285875     -5.351307
  28000000     -8.355303     -5.278829
  28100000     -8.420145     -5.266480
  28200000     -8.501506     -5.287546
  28300000     -8.535504     -5.129148
  28400000     -8.568406     -5.054360
  28500000     -8.678943     -5.134336
  28600000     -8.764786     -5.157367
  28700000     -8.864815     -5.279755
  28800000     -8.942380     -5.355400
  28900000     -8.967793     -5.159494
  29000000     -9.007230     -5.081545
  29100000     -9.031924     -5.005934
  29200000     -9.030115     -4.916974
  29300000     -9.143771     -4.926503
  29400000     -9.133384     -4.818444
  29500000     -9.246582     -4.805179
  29600000     -9.336435     -4.779546
  29700000     -9.446366     -4.807905
  29800000     -9.522269     -4.826536
  29900000     -9.574767     -4.806902
  30000000     -9.630669     -4.810692
  30100000     -9.607752     -4.622281
  30200000     -9.700784     -4.651605
  30300000     -9.704225     -4.559644
  30400000     -9.828846     -4.623470
  30500000     -9.862472     -4.568376
  30600000     -9.962759     -4.600876
  30700000    -10.027889     -4.592876
  30800000    -10.123740     -4.683897
  30900000    -10.205072     -4.743437
  31000000    -10.268421     -4.728651
  31100000    -10.334542     -4.833090
  31200000    -10.403262     -4.868092
  31300000    -10.472503     -4.784528
  31400000    -10.543221     -4.810813
  31500000    -10.603220     -4.652461
  31600000    -10.678580     -4.768457
  31700000    -10.738291     -4.745300
  31800000    -10.799913     -4.725734
  31900000    -10.876611     -4.940290
  32000000    -10.959664     -4.904155
  32100000    -11.030616     -4.891292
  32200000    -11.099207     -4.871245
  32300000    -11.164142     -4.795390
  32400000    -11.227515     -4.554405
  32500000    -11.306426     -4.620255
  32600000    -11.375642     -4.570157
  32700000    -11.442703     -4.504301
  32800000    -11.475752     -4.422790
  32900000    -11.565468     -4.477273
  33000000    -11.636398     -4.558597
  33100000    -11.702139     -4.530640
  33200000    -11.701953     -4.256521
  33300000    -11.672670     -4.147780
  33400000    -11.808492     -4.183424
  33500000    -11.774489     -4.074670
  33600000    -11.956963     -4.181787
  33700000    -11.997052     -4.101806
  33800000    -12.059586     -4.108225
  33900000    -12.146578     -4.056837
  34000000    -12.315652     -4.328556
  34100000    -12.375357     -4.285148
  34200000    -12.415469     -4.244592
  34300000    -12.495653     -4.291736
  34400000    -12.535688     -4.105114
  34500000    -12.580970     -4.085669
  34600000    -12.646883     -4.002145
  34700000    -12.718643     -3.975568
  34800000    -12.783803     -3.922508
  34900000    -12.805009     -3.831670
  35000000    -12.826050     -3.732157
  35100000    -12.924214     -3.791122
  35200000    -12.954364     -3.730750
  35300000    -13.055943     -3.754423
  35400000    -13.084949     -3.623079
  35500000    -13.135044     -3.559296
  35600000    -13.157536     -3.498680
  35700000    -13.251520     -3.494157
  35800000    -13.259065     -3.417070
  35900000    -13.189704     -3.342390
  36000000    -13.344491     -3.333534
  36100000    -13.353293     -3.266217
  36200000    -13.401385     -3.206235
  36300000    -13.466250     -3.181233
  36400000    -13.453970     -3.087709
  36500000    -13.405829     -2.990455
  36600000    -13.355136     -2.930778
  36700000    -13.419022     -2.893100
  36800000    -13.518872     -2.848397
  36900000    -13.958237     -2.969661
  37000000    -13.961860     -2.919966
  37100000    -14.169937     -3.047915
  37200000    -14.217759     -2.994085
  37300000    -14.307261     -3.040279
  37400000    -14.339316     -2.993736
  37500000    -14.432948     -3.011158
  37600000    -14.537728     -3.111850
  37700000    -14.622650     -3.139226
  37800000    -14.673523     -3.215934
  37900000    -14.753869     -3.168085
  38000000    -14.813127     -3.120311
  38100000    -14.877824     -3.155614
  38200000    -14.943560     -3.069330
  38300000    -15.019288     -3.158496
  38400000    -15.079805     -3.042180
  38500000    -15.129382     -2.995080
  38600000    -15.211170     -2.901594
  38700000    -15.260136     -2.768594
  38800000    -15.304393     -2.742360
  38900000    -15.385901     -2.837678
  39000000    -15.487274     -2.947855
  39100000    -15.573617     -2.961175
  39200000    -15.629840     -2.927136
  39300000    -15.732541     -2.972743
  39400000    -15.801200     -3.023860
  39500000    -15.867391     -3.069087
  39600000    -15.956666     -2.982400
  39700000    -15.993563     -2.807859
  39800000    -16.101894     -2.904189
  39900000    -16.166812     -2.872017
  40000000    -16.259766     -2.981957
  40100000    -16.320929     -3.024657
  40200000    -16.380580     -3.007709
  40300000    -16.447697     -2.899142
  40400000    -16.545242     -2.997623
  40500000    -16.603400     -3.016421
  40600000    -16.679352     -2.977384
  40700000    -16.739770     -2.931450
  40800000    -16.812280     -2.918665
  40900000    -16.891979     -2.922551
  41000000    -16.909494     -2.780456
  41100000    -17.010252     -2.867177
  41200000    -17.014427     -2.723009
  41300000    -17.138618     -2.835379
  41400000    -17.239724     -2.905579
  41500000    -17.297533     -3.017011
  41600000    -17.380261     -2.978972
  41700000    -17.429406     -2.887266
  41800000    -17.518735     -3.020863
  41900000    -17.578414     -3.092426
  42000000    -17.667843     -3.062984
  42100000    -17.714768     -3.083002
  42200000    -17.813510     -2.868911
  42300000    -17.881194     -2.873536
  42400000    -17.953198     -2.828431
  42500000    -18.014174     -2.834851
  42600000    -18.080274     -2.664042
  42700000    -18.169068     -2.684963
  42800000    -18.228374     -2.644086
  42900000    -18.218612     -2.499824
  43000000    -18.191836     -2.372221
  43100000    -18.322808     -2.424914
  43200000    -18.410007     -2.434309
  43300000    -18.417149     -2.351629
  43400000    -18.410378     -2.276712
  43500000    -18.420449     -2.227201
  43600000    -18.610019     -2.322885
  43700000    -18.709681     -2.331256
  43800000    -18.666458     -2.157444
  43900000    -18.738096     -2.149074
  44000000    -18.806457     -2.125145
  44100000    -18.887672     -2.103623
  44200000    -18.858407     -1.946980
  44300000    -18.830603     -1.843647
  44400000    -18.857813     -1.770716
  44500000    -18.917594     -1.738555
  44600000    -19.034140     -1.809470
  44700000    -19.024790     -1.668233
  44800000    -19.132407     -1.696996
  44900000    -19.197015     -1.658325
  45000000    -19.218653     -1.597585
  45100000    -19.209337     -1.535239
  45200000    -19.406898     -1.672061
  45300000    -19.427622     -1.558915
  45400000    -19.456033     -1.440273
  45500000    -19.526814     -1.415650
  45600000    -19.586994     -1.386616
  45700000    -19.652546     -1.361272
  45800000    -19.758342     -1.370938
  45900000    -19.803120     -1.316464
  46000000    -19.925406     -1.401065
  46100000    -19.988284     -1.332691
  46200000    -20.056000     -1.337029
  46300000    -20.143705     -1.323561
  46400000    -20.166033     -1.190151
  46500000    -20.299970     -1.253073
  46600000    -20.332290     -1.154816
  46700000    -20.370369     -1.049466
  46800000    -20.476230     -1.060203
  46900000    -20.552974     -1.053142
  47000000    -20.554435     -0.921190
  47100000    -20.616437     -0.905247
  47200000    -20.644205     -0.814230
  47300000    -20.683161     -0.759370
  47400000    -20.738421     -0.727056
  47500000    -20.790094     -0.684810
  47600000    -20.870975     -0.649363
  47700000    -20.991195     -0.694481
  47800000    -21.105384     -0.716528
  47900000    -21.083572     -0.587591
  48000000    -21.090655     -0.514064
  48100000    -21.234988     -0.552221
  48200000    -21.228768     -0.424186
  48300000    -21.196048     -0.334089
  48400000    -21.378527     -0.432899
  48500000    -21.349408     -0.264431
  48600000    -21.452227     -0.264103
  48700000    -21.497630     -0.214172
  48800000    -21.487265     -0.130857
  48900000    -21.604479     -0.127807
  49000000    -21.585669     -0.019921
  49100000    -21.815511     -0.168062
  49200000    -21.840624     -0.069110
  49300000    -21.833681      0.044684
  49400000    -21.941823      0.028015
  49500000    -21.983732      0.085082
  49600000    -22.058588      0.073281
  49700000    -22.133303      0.075000
  49800000    -22.209166      0.086934
  49900000    -22.268817      0.053024
  50000000    -22.168895      0.389609
