         0      3.000000      0.000000
    100000      3.045531     -0.043626
    200000      3.092337     -0.108513
    300000      3.156433     -0.148285
    400000      3.194365     -0.206198
    500000      3.274779     -0.187578
    600000      3.345240     -0.119647
    700000      3.356607     -0.166675
    800000      3.467704     -0.012661
    900000      3.453779     -0.210238
   1000000      3.568477     -0.124538
   1100000      3.578998     -0.211082
   1200000      3.676441     -0.147653
   1300000      3.681941     -0.283767
   1400000      3.728377     -0.349882
   1500000      3.690232     -0.534952
   1600000      3.771979     -0.588260
   1700000      3.600766     -0.780559
   1800000      3.719643     -0.795510
   1900000      3.831614     -0.780108
   2000000      3.849979     -0.843463
   2100000      3.983484     -0.833276
   2200000      4.068239     -0.837506
   2300000      4.101555     -0.871794
   2400000      4.164651     -0.917184
   2500000      4.172325     -1.028381
   2600000      4.236200     -1.040823
   2700000      4.209412     -1.160930
   2800000      4.275632     -1.183187
   2900000      4.268397     -1.276914
   3000000      4.288652     -1.327903
   3100000      4.345638     -1.372746
   3200000      4.316967     -1.449476
   3300000      4.370682     -1.494257
   3400000      4.349224     -1.589621
   3500000      4.267219     -1.679020
   3600000      4.127190     -1.756056
   3700000      4.177026     -1.857362
   3800000      4.212214     -1.906339
   3900000      4.083129     -1.969472
   4000000      4.081346     -2.039809
   4100000      4.237485     -2.110101
   4200000      4.197976     -2.218301
   4300000      4.239649     -2.269175
   4400000      4.091974     -2.330092
   4500000      4.150888     -2.399965
   4600000      4.090507     -2.458887
   4700000      4.154132     -2.503215
   4800000      4.055494     -2.604627
   4900000      3.753221     -2.517895
   5000000      3.769386     -2.618321
   5100000      3.725716     -2.671852
   5200000      3.818161     -2.820672
   5300000      3.688013     -2.824400
   5400000      3.588546     -2.837682
   5500000      3.511804     -2.828625
   5600000      3.413096     -2.818581
   5700000      3.359692     -2.856958
   5800000      3.325212     -2.944896
   5900000      3.284603     -2.990709
   6000000      3.237596     -3.023178
   6100000      3.086490     -2.916160
   6200000      3.115093     -3.094912
   6300000      2.946189     -2.775536
   6400000      2.977136     -3.146393
   6500000      2.956786     -3.226118
   6600000      2.828563     -3.132039
   6700000      2.758561     -3.203888
   6800000      2.708833     -3.235392
   6900000      2.670679     -3.260688
   7000000      2.577082     -3.268583
   7100000      2.508549     -3.299454
   7200000      2.469411     -3.372389
   7300000      2.431409     -3.422659
   7400000      2.334435     -3.422993
   7500000      2.277249     -3.428085
   7600000      2.274108     -3.548415
   7700000      2.201456     -3.577457
   7800000      2.204499     -3.713399
   7900000      2.179291     -3.770138
   8000000      2.054245     -3.732957
   8100000      2.031430     -3.823104
   8200000      2.020864     -3.914008
   8300000      1.998055     -3.982367
   8400000      1.973084     -4.022884
   8500000      2.083185     -4.156950
   8600000      1.731265     -4.001901
   8700000      1.746337     -4.118163
   8800000      1.646622     -4.105923
   8900000      1.679621     -4.236427
   9000000      1.586040     -4.230628
   9100000      1.585819     -4.336415
   9200000      1.485510     -4.318444
   9300000      1.387733     -4.342980
   9400000      1.431402     -4.454837
   9500000      1.207292     -4.330045
   9600000      1.123513     -4.295567
   9700000      1.055087     -4.214063
   9800000      1.015489     -4.393329
   9900000      0.914007     -4.297744
  10000000      0.865318     -4.367644
  10100000      0.788951     -4.384799
  10200000      0.714663     -4.323569
  10300000      0.612457     -4.269844
  10400000      0.558766     -4.303432
  10500000      0.495863     -4.017981
  10600000      0.433081     -3.988457
  10700000      0.358874     -4.082530
  10800000      0.299625     -3.994477
  10900000      0.196426     -4.025834
  11000000      0.096322     -4.097127
  11100000      0.065161     -4.011713
  11200000     -0.034600     -4.051480
  11300000     -0.100104     -4.146626
  11400000     -0.170287     -4.182576
  11500000     -0.244613     -4.166524
  11600000     -0.333741     -4.053218
  11700000     -0.382576     -3.903737
  11800000     -0.451959     -3.882247
  11900000     -0.518418     -3.828298
  12000000     -0.599042     -3.842505
  12100000     -0.631511     -3.740821
  12200000     -0.713788     -3.717972
  12300000     -0.761010     -3.638992
  12400000     -0.815444     -3.606101
  12500000     -0.747213     -3.351354
  12600000     -0.809030     -3.319820
  12700000     -0.799827     -3.203082
  12800000     -0.906039     -3.210997
  12900000     -0.929603     -3.136152
  13000000     -0.965434     -3.095328
  13100000     -0.889175     -2.948501
  13200000     -0.970377     -2.917652
  13300000     -0.953648     -2.825265
  13400000     -0.932552     -2.748634
  13500000     -1.077509     -2.752366
  13600000     -0.958967     -2.621720
  13700000     -0.944932     -2.566651
  13800000     -0.966791     -2.512213
  13900000     -0.989236     -2.467039
  14000000     -1.064752     -2.418061
  14100000     -1.062233     -2.357133
  14200000     -0.824734     -2.265903
  14300000     -1.002115     -2.168951
  14400000     -1.043982     -2.113221
  14500000     -1.122891     -2.058761
  14600000     -1.021206     -1.960688
  14700000     -0.988410     -1.908116
  14800000     -0.806241     -1.909295
  14900000     -1.092440     -1.781327
  15000000     -1.070344     -1.698757
  15100000     -1.091089     -1.599867
  15200000     -1.090734     -1.538163
  15300000     -1.051415     -1.479816
  15400000     -1.028924     -1.401295
  15500000     -1.104816     -1.334276
  15600000     -1.089274     -1.242116
  15700000     -1.083106     -1.173777
  15800000     -1.187028     -1.106258
  15900000     -1.155811     -1.037438
  16000000     -1.137986     -0.953128
  16100000     -1.493629     -0.942892
  16200000     -1.483775     -0.865255
  16300000     -1.581843     -0.852837
  16400000     -1.662610     -0.851385
  16500000     -1.724837     -0.846456
  16600000     -1.841068     -0.862995
  16700000     -1.861047     -0.754526
  16800000     -1.923022     -0.708340
  16900000     -1.917157     -0.596713
  17000000     -2.108763     -0.753556
  17100000     -2.119204     -0.636862
  17200000     -2.208146     -0.622600
  17300000     -2.324792     -0.666639
  17400000     -2.368721     -0.613007
  17500000     -2.435924     -0.584311
  17600000     -2.525945     -0.620276
  17700000     -2.570867     -0.680307
  17800000     -2.656965     -0.640331
  17900000     -2.745994     -0.650023
  18000000     -2.807896     -0.662178
  18100000     -2.879032     -0.703042
  18200000     -2.939642     -0.623443
  18300000     -3.008931     -0.699149
  18400000     -3.064670     -0.620237
  18500000     -3.130210     -0.726051
  18600000     -3.185246     -0.570463
  18700000     -3.264233     -0.583880
  18800000     -3.338252     -0.869468
  18900000     -3.414080     -0.903423
  19000000     -3.480404     -0.840423
  19100000     -3.530025     -0.805417
  19200000     -3.605839     -0.919537
  19300000     -3.679206     -0.891495
  19400000     -3.742111     -0.880873
  19500000     -3.821291     -0.933420
  19600000     -3.893745     -0.930223
  19700000     -3.958118     -0.962918
  19800000     -4.027719     -0.856571
  19900000     -4.094195     -0.884478
  20000000     -4.161606     -0.885084
  20100000     -4.232292     -0.831612
  20200000     -4.308039     -0.862454
  20300000     -4.384340     -0.843052
  20400000     -4.447208     -0.932600
  20500000     -4.455334     -1.091901
  20600000     -4.477682     -1.187540
  20700000     -4.576759     -1.168223
  20800000     -4.651832     -1.159260
  20900000     -4.775201     -1.042206
  21000000     -4.807125     -1.064996
  21100000     -4.860036     -1.105541
  21200000     -4.900539     -1.172584
  21300000     -4.910717     -1.279278
  21400000     -4.914637     -1.370383
  21500000     -5.193791     -0.970427
  21600000     -5.251380     -0.899617
  21700000     -5.326924     -0.970447
  21800000     -5.384279     -1.043923
  21900000     -5.461524     -0.867620
  22000000     -5.536735     -0.963703
  22100000     -5.617134     -0.970278
  22200000     -5.682045     -0.862849
  22300000     -5.733666     -1.001365
  22400000     -5.785237     -1.029904
  22500000     -5.813581     -1.074046
  22600000     -5.916839     -0.988559
  22700000     -5.968444     -1.054108
  22800000     -6.055167     -0.732251
  22900000     -6.149260     -0.831908
  23000000     -6.220256     -0.872495
  23100000     -6.292204     -0.832488
  23200000     -6.357251     -0.924039
  23300000     -6.420004     -0.935959
  23400000     -6.470167     -0.810533
  23500000     -6.548537     -0.870230
  23600000     -6.638053     -0.884995
  23700000     -6.687152     -1.021023
  23800000     -6.753404     -1.029313
  23900000     -6.800994     -1.102910
  24000000     -6.853557     -1.119633
  24100000     -6.906931     -1.163835
  24200000     -6.998745     -1.206225
  24300000     -7.079070     -1.197965
  24400000     -7.152220     -1.104973
  24500000     -7.203977     -1.257104
  24600000     -7.271723     -1.284698
  24700000     -7.331906     -1.270837
  24800000     -7.387442     -1.291722
  24900000     -7.472928     -1.235537
  25000000     -7.437631     -1.524449
  25100000     -7.463692     -1.644451
  25200000     -7.579306     -1.597306
  25300000     -7.685045     -1.468108
  25400000     -7.747991     -1.516258
  25500000     -7.754749     -1.703149
  25600000     -7.822983     -1.735231
  25700000     -7.927321     -1.698728
  25800000     -7.987409     -1.745787
  25900000     -8.134291     -1.456860
  26000000     -8.191063     -1.333689
  26100000     -8.280077     -1.536409
  26200000     -8.352120     -1.510189
  26300000     -8.444842     -1.430454
  26400000     -8.510168     -1.421299
  26500000     -8.553073     -1.425938
  26600000     -8.591488     -1.356511
  26700000     -8.673513     -1.469216
  26800000     -8.756805     -1.432543
  26900000     -8.815188     -1.317134
  27000000     -8.896460     -1.391603
  27100000     -8.977735     -1.382966
  27200000     -9.039719     -1.393278
  27300000     -9.106022     -1.391162
  27400000     -9.192213     -1.399308
  27500000     -9.254579     -1.382511
  27600000     -9.316327     -1.489298
  27700000     -9.360590     -1.604818
  27800000     -9.414929     -1.599001
  27900000     -9.524107     -1.525106
  28000000     -9.493539     -1.710621
  28100000     -9.595603     -1.721238
  28200000     -9.620377     -1.770948
  28300000     -9.667617     -1.815804
  28400000     -9.682683     -1.898395
  28500000     -9.717677     -1.978247
  28600000     -9.741314     -2.042838
  28700000     -9.779682     -2.116486
  28800000     -9.822197     -2.154912
  28900000     -9.808018     -2.220415
  29000000     -9.785874     -2.307395
  29100000     -9.785884     -2.391908
  29200000     -9.898151     -2.421406
  29300000     -9.917143     -2.506190
  29400000    -10.156543     -2.461101
  29500000    -10.319452     -2.389192
  29600000    -10.301048     -2.521496
  29700000    -10.387021     -2.494125
  29800000    -10.390185     -2.622314
  29900000    -10.473520     -2.615699
  30000000    -10.599140     -2.536564
  30100000    -10.636089     -2.626555
  30200000    -10.758269     -2.444494
  30300000    -10.814111     -2.445816
  30400000    -10.863867     -2.496128
  30500000    -10.955287     -2.475932
  30600000    -10.996193     -2.559568
  30700000    -11.082841     -2.461757
  30800000    -11.178027     -2.555122
  30900000    -11.255072     -2.365312
  31000000    -11.312971     -2.427479
  31100000    -11.354711     -2.242849
  31200000    -11.410895     -2.224698
  31300000    -11.500062     -2.222210
  31400000    -11.615293     -2.325085
  31500000    -11.666283     -2.314267
  31600000    -11.707644     -2.220368
  31700000    -11.716294     -2.079807
  31800000    -11.771461     -2.056756
  31900000    -11.850686     -2.089594
  32000000    -11.895102     -2.032400
  32100000    -12.086543     -2.253422
  32200000    -12.148596     -2.234189
  32300000    -12.247834     -2.268389
  32400000    -12.331649     -2.435588
  32500000    -12.391249     -2.344235
  32600000    -12.476855     -2.379737
  32700000    -12.544873     -2.398764
  32800000    -12.631928     -2.426695
  32900000    -12.639168     -2.299161
  33000000    -12.734663     -2.307557
  33100000    -12.751009     -2.239575
  33200000    -12.847010     -2.240792
  33300000    -12.953174     -2.291348
  33400000    -12.962590     -2.153536
  33500000    -13.072018     -2.202521
  33600000    -13.155544     -2.259369
  33700000    -13.214970     -2.282602
  33800000    -13.310124     -2.375231
  33900000    -13.368903     -2.302778
  34000000    -13.448718     -2.245223
  34100000    -13.517745     -2.280164
  34200000    -13.625104     -2.263254
  34300000    -13.677329     -2.152293
  34400000    -13.711259     -2.067681
  34500000    -13.773681     -2.045905
  34600000    -13.923036     -2.282739
  34700000    -14.002780     -2.287272
  34800000    -14.069462     -2.315120
  34900000    -14.135365     -2.162678
  35000000    -14.188283     -2.074065
  35100000    -14.232702     -2.008878
  35200000    -14.275742     -1.905254
  35300000    -14.306470     -1.820481
  35400000    -14.327346     -1.724428
  35500000    -14.330659     -1.635964
  35600000    -14.453331     -1.654640
  35700000    -14.636925     -1.818060
  35800000    -14.694892     -1.840858
  35900000    -14.756523     -1.813813
  36000000    -14.808743     -1.781446
  36100000    -14.833063     -1.629020
  36200000    -14.888715     -1.586951
  36300000    -14.944554     -1.560088
  36400000    -15.000281     -1.496946
  36500000    -15.082059     -1.532803
  36600000    -15.146903     -1.531988
  36700000    -15.192683     -1.465537
  36800000    -15.270163     -1.523289
  36900000    -15.326931     -1.551562
  37000000    -15.381781     -1.431921
  37100000    -15.390476     -1.264018
  37200000    -15.479555     -1.307504
  37300000    -15.546151     -1.302624
  37400000    -15.667662     -1.436527
  37500000    -15.713994     -1.385408
  37600000    -15.781444     -1.398534
  37700000    -15.870248     -1.520384
  37800000    -15.915732     -1.292211
  37900000    -15.983419     -1.218955
  38000000    -16.044149     -1.294348
  38100000    -16.121295     -1.184099
  38200000    -16.178736     -1.164764
  38300000    -16.241906     -1.166820
  38400000    -16.298864     -1.177564
  38500000    -16.373009     -1.075323
  38600000    -16.410108     -1.150363
  38700000    -16.466008     -1.164178
  38800000    -16.520342     -1.169178
  38900000    -16.561988     -1.219408
  39000000    -16.643398     -1.199087
  39100000    -16.743117     -1.181889
  39200000    -16.783165     -1.202417
  39300000    -16.840675     -1.256071
  39400000    -16.931808     -1.171288
  39500000    -16.996863     -1.191997
  39600000    -17.072092     -1.187507
  39700000    -17.039498     -1.390873
  39800000    -17.082413     -1.460700
  39900000    -17.216628     -1.355881
  40000000    -17.296535     -1.265840
  40100000    -17.368223     -1.302491
  40200000    -17.453372     -1.183212
  40300000    -17.519161     -1.293833
  40400000    -17.615875     -1.189092
  40500000    -17.659719     -1.139916
  40600000    -17.721643     -1.086393
  40700000    -17.806547     -1.145308
  40800000    -17.863232     -1.145342
  40900000    -17.918071     -1.069249
  41000000    -18.004859     -1.221446
  41100000    -18.066207     -1.103214
  41200000    -18.125903     -0.952202
  41300000    -18.179905     -1.219495
  41400000    -18.205127     -1.317553
  41500000    -18.289700     -1.339180
  41600000    -18.323059     -1.404713
  41700000    -18.345538     -1.469841
  41800000    -18.513906     -1.332004
  41900000    -18.551643     -1.404366
  42000000    -18.584606     -1.463907
  42100000    -18.586324     -1.550024
  42200000    -18.656300     -1.551222
  42300000    -18.760658     -1.542093
  42400000    -18.850991     -1.514313
  42500000    -18.872802     -1.614366
  42600000    -18.978137     -1.595095
  42700000    -19.045821     -1.625981
  42800000    -19.123751     -1.670090
  42900000    -19.201024     -1.685580
  43000000    -19.207817     -1.786036
  43100000    -19.307120     -1.788152
  43200000    -19.437023     -1.607857
  43300000    -19.408339     -1.894889
  43400000    -19.391966     -1.992828
  43500000    -19.500254     -1.956570
  43600000    -19.619476     -1.970378
  43700000    -19.884485     -1.345442
  43800000    -19.960220     -1.349018
  43900000    -20.024550     -1.453717
  44000000    -20.108693     -1.330266
  44100000    -20.186834     -1.395689
  44200000    -20.236047     -1.298733
  44300000    -20.308125     -1.334322
  44400000    -20.366898     -1.269652
  44500000    -20.454567     -1.365678
  44600000    -20.549276     -1.375234
  44700000    -20.621556     -1.365792
  44800000    -20.709211     -1.508418
  44900000    -20.758627     -1.538857
  45000000    -20.892829     -1.300724
  45100000    -20.937277     -1.512282
  45200000    -20.987408     -1.536231
  45300000    -20.963265     -1.649881
  45400000    -21.148238     -1.506548
  45500000    -21.194331     -1.566334
  45600000    -21.275669     -1.536549
  45700000    -21.312733     -1.584193
  45800000    -21.375176     -1.553177
  45900000    -21.385584     -1.744425
  46000000    -21.394072     -1.834957
  46100000    -21.518861     -1.857108
  46200000    -21.622230     -1.742334
  46300000    -21.716973     -1.724019
  46400000    -21.719867     -1.832610
  46500000    -21.735994     -1.920130
  46600000    -21.770654     -1.983745
  46700000    -21.918278     -1.926932
  46800000    -21.951366     -1.959367
  46900000    -22.030988     -1.997381
  47000000    -22.118082     -2.013087
  47100000    -22.163714     -2.074486
  47200000    -22.188396     -2.159906
  47300000    -22.253110     -2.195758
  47400000    -22.341076     -2.216060
  47500000    -22.359596     -2.295295
  47600000    -22.403930     -2.359287
  47700000    -22.365293     -2.506234
  47800000    -22.525837     -2.440529
  47900000    -22.659820     -2.326533
  48000000    -22.715981     -2.326285
  48100000    -22.794613     -2.318740
  48200000    -22.835431     -2.397689
  48300000    -22.886264     -2.491678
  48400000    -22.993829     -2.427997
  48500000    -23.051214     -2.434803
  48600000    -23.092268     -2.541780
  48700000    -23.152558     -2.539975
  48800000    -23.224536     -2.581718
  48900000    -23.288105     -2.576568
  49000000    -23.351928     -2.591623
  49100000    -23.409786     -2.558280
  49200000    -23.468545     -2.539112
  49300000    -23.534955     -2.469161
  49400000    -23.598148     -2.430666
  49500000    -23.698232     -2.464231
  49600000    -23.756862     -2.463948
  49700000    -23.850872     -2.524760
  49800000    -23.931501     -2.573281
  49900000    -23.983388     -2.612891
  50000000    -24.048107     -2.637170
