         0      3.000000      0.000000
    100000      3.043918      0.073701
    200000      3.076631      0.160629
    300000      3.085253      0.237702
    400000      3.236829      0.033053
    500000      3.281227      0.147175
    600000      3.343262      0.204628
    700000      3.406632      0.223791
    800000      3.440340      0.307673
    900000      3.455716      0.403569
   1000000      3.480471      0.456522
   1100000      3.500260      0.520808
   1200000      3.638866      0.456372
   1300000      3.696230      0.469712
   1400000      3.649460      0.649226
   1500000      3.628825      0.791203
   1600000      3.858400      0.563259
   1700000      3.872333      0.692735
   1800000      3.923143      0.724226
   1900000      3.941686      0.753647
   2000000      3.968499      0.797276
   2100000      3.967078      0.885033
   2200000      4.152436      0.600467
   2300000      4.208447      0.581488
   2400000      4.260889      0.540858
   2500000      4.328206      0.501641
   2600000      4.391303      0.513893
   2700000      4.475755      0.591080
   2800000      4.550368      0.577150
   2900000      4.617416      0.655401
   3000000      4.679612      0.636987
   3100000      4.735232      0.719703
   3200000      4.782290      0.696963
   3300000      4.829426      0.744634
   3400000      4.877924      0.811525
   3500000      4.979787      0.635785
   3600000      5.002663      0.504474
   3700000      5.062376      0.445517
   3800000      5.172993      0.547255
   3900000      5.243892      0.538029
   4000000      5.292684      0.560052
   4100000      5.302677      0.406366
   4200000      5.380859      0.419023
   4300000      5.437475      0.428386
   4400000      5.506257      0.436882
   4500000      5.580855      0.482746
   4600000      5.638939      0.584011
   4700000      5.664040      0.301479
   4800000      5.714278      0.229299
   4900000      5.809579      0.350802
   5000000      5.853615      0.389779
   5100000      5.922376      0.291058
   5200000      5.958942      0.390304
   5300000      6.024557      0.452483
   5400000      6.106839      0.408802
   5500000      6.161113      0.405051
   5600000      6.232820      0.491775
   5700000      6.244476      0.612162
   5800000      6.326465      0.626095
   5900000      6.453060      0.522678
   6000000      6.468578      0.562104
   6100000      6.363221      0.871777
   6200000      6.474528      0.871535
   6300000      6.687843      0.373511
   6400000      6.747714      0.294289
   6500000      6.794405      0.274050
   6600000      6.868796      0.259500
   6700000      6.870607      0.177219
   6800000      7.011396      0.296346
   6900000      7.072931      0.331837
   7000000      7.129334      0.294672
   7100000      7.201746      0.266851
   7200000      7.274899      0.341129
   7300000      7.334608      0.204383
   7400000      7.407206      0.228872
   7500000      7.497436      0.293159
   7600000      7.544584      0.204222
   7700000      7.618812      0.179260
   7800000      7.631457      0.046209
   7900000      7.723662      0.116951
   8000000      7.772461      0.100569
   8100000      7.822789     -0.007390
   8200000      7.888785     -0.052912
   8300000      7.926091     -0.103068
   8400000      8.030679     -0.028303
   8500000      8.088904     -0.047084
   8600000      8.157541      0.136390
   8700000      8.216794      0.097718
   8800000      8.245071     -0.181743
   8900000      8.297787     -0.258419
   9000000      8.374907     -0.227222
   9100000      8.424863     -0.273959
   9200000      8.469843     -0.315656
   9300000      8.407141     -0.622606
   9400000      8.408544     -0.730368
   9500000      8.441320     -0.775349
   9600000      8.205549     -0.956965
   9700000      8.403693     -0.962724
   9800000      8.510106     -0.992162
   9900000      8.568124     -1.031614
  10000000      8.628448     -1.043896
  10100000      8.593613     -1.143044
  10200000      8.719239     -1.150672
  10300000      8.790398     -1.145145
  10400000      8.886617     -1.150550
  10500000      8.843559     -1.339137
  10600000      8.800222     -1.459161
  10700000      8.815883     -1.539227
  10800000      8.793560     -1.622767
  10900000      8.861745     -1.675547
  11000000      8.983542     -1.670105
  11100000      9.012237     -1.734453
  11200000      8.895973     -1.887275
  11300000      8.949882     -1.939347
  11400000      8.969075     -1.992264
  11500000      8.980417     -2.069115
  11600000      8.859863     -2.151568
  11700000      8.865948     -2.199860
  11800000      8.796140     -2.260635
  11900000      8.782839     -2.309994
  12000000      8.810420     -2.382825
  12100000      8.727678     -2.425948
  12200000      8.733414     -2.510541
  12300000      8.700194     -2.574374
  12400000      8.640531     -2.639991
  12500000      8.575867     -2.679707
  12600000      8.457612     -2.695953
  12700000      8.394521     -2.719954
  12800000      8.440894     -2.841732
  12900000      8.418630     -2.887006
  13000000      8.508701     -3.015336
  13100000      8.314432     -3.035813
  13200000      8.319410     -3.133047
  13300000      8.241624     -3.162111
  13400000      8.223626     -3.234684
  13500000      8.175056     -3.284270
  13600000      8.168148     -3.379014
  13700000      8.114243     -3.393257
  13800000      8.131041     -3.500825
  13900000      7.984434     -3.483271
  14000000      7.916838     -3.508996
  14100000      7.783378     -3.446595
  14200000      7.700811     -3.438711
  14300000      7.778297     -3.649264
  14400000      7.608737     -3.569071
  14500000      7.553953     -3.615341
  14600000      7.514832     -3.696854
  14700000      7.549802     -3.806657
  14800000      7.439117     -3.811681
  14900000      7.292441     -3.752015
  15000000      7.304322     -3.853935
  15100000      7.286949     -3.969475
  15200000      7.293648     -4.047117
  15300000      7.055813     -3.961949
  15400000      6.978756     -3.972659
  15500000      6.925230     -4.025385
  15600000      6.917218     -4.091613
  15700000      6.736378     -3.959934
  15800000      6.638209     -3.984703
  15900000      6.534351     -3.970536
  16000000      6.512930     -4.085054
  16100000      6.428773     -4.081516
  16200000      6.377963     -4.109713
  16300000      6.292672     -4.085127
  16400000      6.201628     -4.061698
  16500000      6.136605     -4.076258
  16600000      6.086889     -4.130809
  16700000      6.005993     -4.115580
  16800000      5.952146     -4.163788
  16900000      5.867228     -4.031499
  17000000      5.811026     -4.166112
  17100000      5.754680     -4.189331
  17200000      5.672850     -4.058043
  17300000      5.599056     -4.118466
  17400000      5.554037     -4.260914
  17500000      5.492913     -4.320656
  17600000      5.399887     -4.233153
  17700000      5.317976     -4.220385
  17800000      5.255496     -4.139136
  17900000      5.196756     -4.135322
  18000000      5.146421     -4.371270
  18100000      5.049502     -4.302690
  18200000      4.993593     -4.344240
  18300000      4.942336     -4.217219
  18400000      4.840058     -4.367970
  18500000      4.763025     -4.373547
  18600000      4.744787     -4.479076
  18700000      4.688252     -4.536049
  18800000      4.701718     -4.671997
  18900000      4.653270     -4.717597
  19000000      4.591997     -4.753973
  19100000      4.502385     -4.774969
  19200000      4.470921     -4.842939
  19300000      4.412660     -4.858175
  19400000      4.456061     -4.983632
  19500000      4.294957     -4.934177
  19600000      4.207553     -4.910475
  19700000      4.015983     -4.749537
  19800000      3.964391     -4.797862
  19900000      3.917139     -4.871091
  20000000      3.906798     -4.967799
  20100000      3.929572     -5.096805
  20200000      3.866883     -5.136861
  20300000      3.812857     -5.206660
  20400000      3.759011     -5.245475
  20500000      3.584794     -5.133338
  20600000      3.534875     -5.165485
  20700000      3.380077     -4.998169
  20800000      3.334884     -5.015237
  20900000      3.287888     -4.886673
  21000000      3.203699     -5.039269
  21100000      3.122227     -4.970839
  21200000      3.072247     -4.953839
  21300000      2.972974     -5.083120
  21400000      2.939162     -4.889573
  21500000      2.843105     -5.156685
  21600000      2.791344     -5.118992
  21700000      2.721214     -5.110511
  21800000      2.625924     -5.084072
  21900000      2.576133     -5.013349
  22000000      2.532339     -4.955606
  22100000      2.461802     -4.965462
  22200000      2.459306     -4.860670
  22300000      2.426952     -4.797297
  22400000      2.275360     -4.884061
  22500000      2.202776     -4.889870
  22600000      2.096656     -4.958118
  22700000      2.031585     -4.877055
  22800000      1.954841     -4.926292
  22900000      1.899275     -4.974533
  23000000      1.819242     -4.952797
  23100000      1.734269     -4.923933
  23200000      1.688942     -4.910082
  23300000      1.601521     -4.883439
  23400000      1.545924     -4.830521
  23500000      1.500295     -4.718670
  23600000      1.400708     -4.704740
  23700000      1.313346     -4.745806
  23800000      1.251500     -4.667661
  23900000      1.231345     -4.564026
  24000000      1.218902     -4.455772
  24100000      1.098291     -4.519342
  24200000      0.956278     -4.675753
  24300000      0.928503     -4.513135
  24400000      0.847980     -4.481563
  24500000      0.759892     -4.535442
  24600000      0.673249     -4.729903
  24700000      0.622282     -4.753633
  24800000      0.532775     -4.719959
  24900000      0.512891     -4.883927
  25000000      0.459762     -4.910870
  25100000      0.333553     -4.786010
  25200000      0.278141     -4.694478
  25300000      0.195857     -4.710052
  25400000      0.128520     -4.784619
  25500000      0.101570     -4.561904
  25600000     -0.015435     -4.711375
  25700000     -0.094311     -4.717276
  25800000     -0.137574     -4.577773
  25900000     -0.121402     -4.449522
  26000000     -0.157663     -4.403606
  26100000     -0.212324     -4.355637
  26200000     -0.254937     -4.338096
  26300000     -0.211178     -4.244887
  26400000     -0.377188     -4.304745
  26500000     -0.461236     -4.285886
  26600000     -0.528867     -4.258582
  26700000     -0.547193     -4.214326
  26800000     -0.552403     -4.158069
  26900000     -0.719216     -4.223549
  27000000     -0.617093     -4.079614
  27100000     -0.779165     -4.098072
  27200000     -0.762763     -4.014063
  27300000     -0.934971     -4.059688
  27400000     -0.930350     -3.965380
  27500000     -1.095826     -4.014514
  27600000     -1.129271     -3.950363
  27700000     -1.222854     -3.965918
  27800000     -1.327677     -4.008253
  27900000     -1.374367     -3.911188
  28000000     -1.437367     -3.958481
  28100000     -1.388971     -3.695425
  28200000     -1.516313     -3.773328
  28300000     -1.499121     -3.621592
  28400000     -1.588177     -3.639991
  28500000     -1.659204     -3.637847
  28600000     -1.764669     -3.686729
  28700000     -1.804146     -3.594765
  28800000     -1.869870     -3.641592
  28900000     -1.905070     -3.524440
  29000000     -1.939978     -3.491353
  29100000     -2.029809     -3.600098
  29200000     -2.030825     -3.371763
  29300000     -2.119514     -3.402654
  29400000     -2.085392     -3.226005
  29500000     -2.167450     -3.206292
  29600000     -2.286379     -3.321761
  29700000     -2.388208     -3.403291
  29800000     -2.473123     -3.368933
  29900000     -2.533183     -3.296890
  30000000     -2.635003     -3.405339
  30100000     -2.695921     -3.350009
  30200000     -2.753560     -3.395694
  30300000     -2.779584     -3.480575
  30400000     -2.879637     -3.376195
  30500000     -2.952108     -3.367253
  30600000     -3.022960     -3.455921
  30700000     -3.089447     -3.455230
  30800000     -3.151969     -3.418492
  30900000     -3.226324     -3.469372
  31000000     -3.313612     -3.383923
  31100000     -3.364979     -3.364705
  31200000     -3.445963     -3.343561
  31300000     -3.495377     -3.258406
  31400000     -3.545236     -3.136158
  31500000     -3.650837     -3.201888
  31600000     -3.694612     -3.154066
  31700000     -3.748730     -3.141770
  31800000     -3.837667     -3.192599
  31900000     -3.906011     -3.156908
  32000000     -3.969924     -3.201461
  32100000     -4.043929     -3.190189
  32200000     -4.100417     -3.224274
  32300000     -4.190187     -3.244184
  32400000     -4.264158     -3.247319
  32500000     -4.325136     -3.236935
  32600000     -4.391433     -3.226259
  32700000     -4.457833     -3.130221
  32800000     -4.498556     -3.066913
  32900000     -4.617594     -3.125509
  33000000     -4.658438     -3.044337
  33100000     -4.742309     -3.116550
  33200000     -4.791631     -3.058872
  33300000     -4.895714     -3.200656
  33400000     -4.954534     -3.269182
  33500000     -5.018044     -3.185367
  33600000     -5.104600     -3.231382
  33700000     -5.174786     -3.173613
  33800000     -5.192126     -3.078877
  33900000     -5.248742     -3.068182
  34000000     -5.300304     -3.016340
  34100000     -5.390153     -3.041244
  34200000     -5.461920     -3.044216
  34300000     -5.475561     -2.901001
  34400000     -5.644037     -3.111508
  34500000     -5.716283     -3.137706
  34600000     -5.731170     -2.978265
  34700000     -5.763968     -2.916533
  34800000     -5.881144     -2.961023
  34900000     -5.954960     -2.955946
  35000000     -6.027345     -2.955477
  35100000     -6.078734     -2.877786
  35200000     -6.133885     -2.835287
  35300000     -6.282334     -2.995779
  35400000     -6.325501     -2.964849
  35500000     -6.387596     -2.952233
  35600000     -6.383581     -2.804395
  35700000     -6.471154     -2.822062
  35800000     -6.598293     -2.909094
  35900000     -6.675264     -2.891522
  36000000     -6.778574     -2.950621
  36100000     -6.833788     -2.976313
  36200000     -6.912970     -2.944666
  36300000     -6.965151     -2.818979
  36400000     -7.044027     -2.822351
  36500000     -7.061847     -2.721537
  36600000     -7.140986     -2.759737
  36700000     -7.109608     -2.586989
  36800000     -7.119808     -2.505120
  36900000     -7.182317     -2.480605
  37000000     -7.273456     -2.501702
  37100000     -7.177634     -2.331227
  37200000     -7.361455     -2.387674
  37300000     -7.537258     -2.509370
  37400000     -7.600649     -2.487658
  37500000     -7.716512     -2.587760
  37600000     -7.766994     -2.571254
  37700000     -7.814464     -2.492751
  37800000     -7.845349     -2.403174
  37900000     -7.854099     -2.283690
  38000000     -7.830411     -2.149739
  38100000     -7.851416     -2.092818
  38200000     -7.825248     -1.996262
  38300000     -7.840376     -1.951503
  38400000     -7.796957     -1.891519
  38500000     -7.791836     -1.830302
  38600000     -8.016164     -1.819673
  38700000     -8.042064     -1.744932
  38800000     -8.089458     -1.691327
  38900000     -8.269015     -1.710345
  39000000     -8.228898     -1.629426
  39100000     -8.398974     -1.635425
  39200000     -8.553623     -1.671714
  39300000     -8.628652     -1.675299
  39400000     -8.648202     -1.564073
  39500000     -8.757857     -1.603704
  39600000     -8.749561     -1.488470
  39700000     -8.838166     -1.482249
  39800000     -8.833221     -1.406755
  39900000     -8.974946     -1.448953
  40000000     -9.038211     -1.387699
  40100000     -9.159093     -1.532442
  40200000     -9.205948     -1.520265
  40300000     -9.269212     -1.491148
  40400000     -9.348456     -1.457359
  40500000     -9.434730     -1.393659
  40600000     -9.485649     -1.290130
  40700000     -9.439128     -1.041073
  40800000     -9.511765     -1.023646
  40900000     -9.573170     -1.004314
  41000000     -9.456417     -0.752855
  41100000     -9.546331     -0.744220
  41200000     -9.644772     -0.746021
  41300000     -9.729374     -0.757402
  41400000     -9.756757     -0.714438
  41500000     -9.770454     -0.622247
  41600000     -9.899411     -0.737825
  41700000     -9.819352     -0.447497
  41800000     -9.877093     -0.390436
  41900000     -9.970240     -0.416089
  42000000    -10.101228     -0.463796
  42100000    -10.081379     -0.358303
  42200000    -10.101158     -0.293490
  42300000    -10.313880     -0.437810
  42400000    -10.356328     -0.365913
  42500000    -10.437283     -0.335428
  42600000    -10.499845     -0.306601
  42700000    -10.566392     -0.300251
  42800000    -10.632656     -0.287089
  42900000    -10.700150     -0.277144
  43000000    -10.861483     -0.443288
  43100000    -10.952585     -0.472040
  43200000    -10.977272     -0.295340
  43300000    -11.046931     -0.296220
  43400000    -11.054270     -0.204041
  43500000    -11.124282     -0.139368
  43600000    -11.215314     -0.157930
  43700000    -11.338217     -0.235315
  43800000    -11.420036     -0.240629
  43900000    -11.499618     -0.226774
  44000000    -11.588149     -0.276222
  44100000    -11.622785     -0.167902
  44200000    -11.704999     -0.175616
  44300000    -11.723443     -0.048300
  44400000    -11.778068     -0.006174
  44500000    -11.776080      0.077633
  44600000    -11.855599      0.106555
  44700000    -11.886224      0.163531
  44800000    -11.887809      0.221847
  44900000    -12.086031      0.171309
  45000000    -12.150474      0.192214
  45100000    -12.200370      0.220314
  45200000    -12.247253      0.241157
  45300000    -12.296860      0.289456
  45400000    -12.356033      0.384488
  45500000    -12.404898      0.462019
  45600000    -12.399662      0.595669
  45700000    -12.452040      0.631617
  45800000    -12.509791      0.664608
  45900000    -12.639859      0.608270
  46000000    -12.715313      0.599719
  46100000    -12.751688      0.678809
  46200000    -12.842386      0.673313
  46300000    -12.920593      0.642034
  46400000    -13.010099      0.658644
  46500000    -12.997673      0.826091
  46600000    -13.065959      0.852217
  46700000    -13.126247      0.893060
  46800000    -13.180122      0.921497
  46900000    -13.206990      0.993695
  47000000    -13.277143      1.030866
  47100000    -13.281785      1.124504
  47200000    -13.310675      1.182027
  47300000    -13.509029      1.118621
  47400000    -13.548495      1.199198
  47500000    -13.548364      1.280185
  47600000    -13.674254      1.274188
  47700000    -13.826314      1.199373
  47800000    -13.912838      1.181018
  47900000    -13.997221      1.157071
  48000000    -14.103573      1.034218
  48100000    -14.175559      1.062212
  48200000    -14.121097      1.366084
  48300000    -14.222959      1.330977
  48400000    -14.286067      1.350714
  48500000    -14.335749      1.425527
  48600000    -14.376265      1.471289
  48700000    -14.380419      1.538313
  48800000    -14.476414      1.541859
  48900000    -14.505773      1.628856
  49000000    -14.570224      1.666016
  49100000    -14.626414      1.692757
  49200000    -14.692276      1.733755
  49300000    -14.720419      1.820313
  49400000    -14.791883      1.875707
  49500000    -14.859756      1.871196
  49600000    -14.948268      1.800380
  49700000    -14.980162      2.000386
  49800000    -15.071674      2.006073
  49900000    -15.142206      1.987579
  50000000    -15.218082      2.000718
