         0      3.000000      0.000000
    100000      3.059285     -0.043524
    200000      3.111701     -0.121820
    300000      3.180272     -0.113521
    400000      3.212788     -0.209544
    500000      3.248586     -0.253119
    600000      3.320629     -0.243290
    700000      3.346165     -0.331057
    800000      3.309010     -0.494969
    900000      3.342379     -0.525202
   1000000      3.376475     -0.594325
   1100000      3.500545     -0.585230
   1200000      3.544414     -0.613212
   1300000      3.629798     -0.630639
   1400000      3.645219     -0.726491
   1500000      3.699371     -0.759477
   1600000      3.829672     -0.686322
   1700000      3.897363     -0.743432
   1800000      3.917549     -0.786597
   1900000      3.798454     -1.043180
   2000000      3.835841     -1.094946
   2100000      3.855236     -1.153877
   2200000      3.940163     -1.165723
   2300000      3.973039     -1.250870
   2400000      3.981351     -1.332848
   2500000      3.931872     -1.474448
   2600000      3.974405     -1.526652
   2700000      3.818047     -1.626637
   2800000      3.829528     -1.695589
   2900000      3.799773     -1.740547
   3000000      3.809617     -1.820566
   3100000      3.919509     -1.898304
   3200000      3.997946     -1.943956
   3300000      4.234064     -1.931400
   3400000      4.295873     -1.961482
   3500000      4.341146     -1.977227
   3600000      4.370097     -2.064886
   3700000      4.245096     -2.230464
   3800000      4.140588     -2.349486
   3900000      4.239014     -2.373767
   4000000      4.198141     -2.475131
   4100000      4.266701     -2.503093
   4200000      4.214477     -2.596993
   4300000      4.113938     -2.673271
   4400000      4.200258     -2.750565
   4500000      4.342619     -2.791032
   4600000      4.353636     -2.859164
   4700000      4.437753     -2.884878
   4800000      4.325541     -2.992161
   4900000      4.137316     -3.079327
   5000000      4.012152     -3.109099
   5100000      4.008871     -3.186236
   5200000      4.009069     -3.263989
   5300000      4.035139     -3.327511
   5400000      3.972217     -3.392102
   5500000      3.823856     -3.423854
   5600000      3.804469     -3.484831
   5700000      3.854360     -3.573147
   5800000      3.851353     -3.632756
   5900000      3.870941     -3.705105
   6000000      3.684675     -3.737630
   6100000      3.628841     -3.791171
   6200000      3.595565     -3.837369
   6300000      3.730078     -3.947808
   6400000      3.686060     -4.014903
   6500000      3.718265     -4.075838
   6600000      3.652508     -4.114393
   6700000      3.726623     -4.189676
   6800000      3.666425     -4.245547
   6900000      3.713567     -4.317118
   7000000      3.664015     -4.378667
   7100000      3.707662     -4.442935
   7200000      3.496544     -4.371924
   7300000      3.615381     -4.540406
   7400000      3.504520     -4.581909
   7500000      3.463585     -4.634939
   7600000      3.540366     -4.719210
   7700000      3.210847     -4.688650
   7800000      3.276483     -4.808799
   7900000      3.435745     -4.931658
   8000000      3.375949     -4.996652
   8100000      3.344353     -5.057005
   8200000      3.229715     -5.093885
   8300000      3.139867     -5.091677
   8400000      3.157429     -5.167048
   8500000      3.103537     -5.251778
   8600000      3.047529     -5.285364
   8700000      2.989682     -5.311862
   8800000      3.043809     -5.425060
   8900000      3.026794     -5.505452
   9000000      2.995337     -5.559428
   9100000      2.894708     -5.599707
   9200000      2.812803     -5.623887
   9300000      2.824580     -5.719184
   9400000      2.769465     -5.756712
   9500000      2.712856     -5.772063
   9600000      2.668662     -5.809089
   9700000      2.619909     -5.861710
   9800000      2.519133     -5.802482
   9900000      2.438857     -5.815006
  10000000      2.376509     -5.837236
  10100000      2.346054     -5.883197
  10200000      2.284361     -5.909644
  10300000      2.203486     -5.892786
  10400000      2.160917     -5.952950
  10500000      2.085631     -5.979522
  10600000      2.029350     -5.887105
  10700000      1.957924     -5.986109
  10800000      1.977577     -6.209062
  10900000      1.931995     -6.267396
  11000000      1.910185     -6.322525
  11100000      1.731431     -6.070977
  11200000      1.637820     -5.961902
  11300000      1.572950     -6.022894
  11400000      1.483056     -5.955899
  11500000      1.406971     -6.045920
  11600000      1.330650     -6.026756
  11700000      1.273418     -6.103859
  11800000      1.248157     -6.177258
  11900000      1.159117     -6.157972
  12000000      1.035096     -6.119667
  12100000      0.999806     -6.182727
  12200000      0.864500     -6.003675
  12300000      0.880182     -6.246293
  12400000      0.821952     -6.281178
  12500000      0.805186     -6.355887
  12600000      0.688170     -6.344601
  12700000      0.672075     -6.439431
  12800000      0.629365     -6.504822
  12900000      0.572458     -6.519069
  13000000      0.512015     -6.540209
  13100000      0.516192     -6.678608
  13200000      0.368237     -6.643226
  13300000      0.309946     -6.664538
  13400000      0.353431     -6.804998
  13500000      0.249368     -6.816980
  13600000      0.213396     -6.866057
  13700000      0.085434     -6.837791
  13800000      0.030586     -6.881459
  13900000     -0.060574     -6.920181
  14000000     -0.089573     -6.938621
  14100000     -0.252148     -6.832538
  14200000     -0.347734     -6.835687
  14300000     -0.401938     -6.868680
  14400000     -0.498941     -6.837219
  14500000     -0.576718     -6.722729
  14600000     -0.645670     -6.776178
  14700000     -0.698490     -6.817469
  14800000     -0.743520     -6.855440
  14900000     -0.828655     -6.819469
  15000000     -0.871322     -6.898424
  15100000     -0.985903     -6.791412
  15200000     -1.027823     -6.909298
  15300000     -1.082849     -6.967866
  15400000     -1.170327     -6.909920
  15500000     -1.245671     -6.796967
  15600000     -1.311074     -6.851277
  15700000     -1.330235     -7.140891
  15800000     -1.391304     -7.128319
  15900000     -1.482413     -7.157612
  16000000     -1.506537     -7.206642
  16100000     -1.585976     -7.233574
  16200000     -1.667275     -7.177855
  16300000     -1.725528     -7.215535
  16400000     -1.786860     -7.269972
  16500000     -1.820567     -7.372879
  16600000     -1.873873     -7.424794
  16700000     -1.981900     -7.302871
  16800000     -2.024873     -7.381834
  16900000     -1.926927     -7.713353
  17000000     -2.085112     -7.614448
  17100000     -2.158702     -7.610462
  17200000     -2.252236     -7.580658
  17300000     -2.132763     -7.930869
  17400000     -2.354980     -7.726849
  17500000     -2.405072     -7.785843
  17600000     -2.488957     -7.640578
  17700000     -2.549403     -7.604189
  17800000     -2.620519     -7.574779
  17900000     -2.686824     -7.618011
  18000000     -2.772186     -7.696772
  18100000     -2.825546     -7.591350
  18200000     -2.919052     -7.636021
  18300000     -2.998850     -7.562292
  18400000     -3.054601     -7.711763
  18500000     -3.100518     -7.723894
  18600000     -3.152422     -7.716840
  18700000     -3.230516     -7.675642
  18800000     -3.277147     -7.732915
  18900000     -3.365847     -7.694779
  19000000     -3.447669     -7.707957
  19100000     -3.471422     -7.825722
  19200000     -3.583811     -7.730651
  19300000     -3.633331     -7.823397
  19400000     -3.730397     -7.813591
  19500000     -3.800662     -7.865479
  19600000     -3.791348     -8.047677
  19700000     -3.886886     -7.998576
  19800000     -3.935824     -8.090163
  19900000     -4.034127     -8.074718
  20000000     -4.046822     -8.199870
  20100000     -4.105651     -8.235927
  20200000     -4.141363     -8.318282
  20300000     -4.235428     -8.308054
  20400000     -4.402970     -8.157528
  20500000     -4.437042     -8.271802
  20600000     -4.459777     -8.355032
  20700000     -4.482456     -8.435965
  20800000     -4.439942     -8.560348
  20900000     -4.540508     -8.563449
  21000000     -4.611715     -8.563382
  21100000     -4.649260     -8.642494
  21200000     -4.791305     -8.562027
  21300000     -4.778355     -8.690425
  21400000     -4.776997     -8.773810
  21500000     -4.967823     -8.650067
  21600000     -5.030393     -8.653506
  21700000     -5.123649     -8.629104
  21800000     -5.171607     -8.665373
  21900000     -5.223040     -8.791951
  22000000     -5.295641     -8.772825
  22100000     -5.364094     -8.785202
  22200000     -5.362946     -8.951767
  22300000     -5.486012     -8.896918
  22400000     -5.539410     -8.956664
  22500000     -5.572325     -9.046683
  22600000     -5.553344     -9.180931
  22700000     -5.637249     -9.184215
  22800000     -5.685737     -9.248096
  22900000     -5.828433     -9.133144
  23000000     -5.887856     -9.234741
  23100000     -5.899312     -9.364890
  23200000     -5.966678     -9.406506
  23300000     -6.004984     -9.437061
  23400000     -6.087974     -9.433342
  23500000     -6.278104     -9.215497
  23600000     -6.305723     -9.380783
  23700000     -6.418236     -9.279987
  23800000     -6.522476     -9.142121
  23900000     -6.589507     -9.054111
  24000000     -6.639032     -9.030328
  24100000     -6.724481     -9.134460
  24200000     -6.784680     -9.194901
  24300000     -6.814295     -9.335874
  24400000     -6.934500     -9.185080
  24500000     -7.006792     -9.095800
  24600000     -7.044004     -9.284016
  24700000     -7.138579     -9.094657
  24800000     -7.209730     -9.129090
  24900000     -7.206534     -8.980955
  25000000     -7.286216     -8.973180
  25100000     -7.404807     -9.035297
  25200000     -7.427198     -9.132965
  25300000     -7.538533     -9.232298
  25400000     -7.599121     -9.262668
  25500000     -7.660895     -9.029787
  25600000     -7.734612     -9.058237
  25700000     -7.786608     -8.992074
  25800000     -7.856834     -8.951184
  25900000     -7.933828     -8.913255
  26000000     -8.010772     -8.968790
  26100000     -8.025401     -8.879032
  26200000     -8.119800     -9.043843
  26300000     -8.204466     -9.040654
  26400000     -8.261589     -9.065992
  26500000     -8.348008     -9.130827
  26600000     -8.411944     -9.060557
  26700000     -8.476650     -9.194314
  26800000     -8.558427     -9.067338
  26900000     -8.630177     -9.055253
  27000000     -8.702338     -9.041357
  27100000     -8.760884     -9.080297
  27200000     -8.820108     -8.992434
  27300000     -8.917223     -9.346197
  27400000     -8.988190     -9.383916
  27500000     -9.040968     -9.387580
  27600000     -9.081206     -9.536702
  27700000     -9.129405     -9.597009
  27800000     -9.179701     -9.630969
  27900000     -9.303375     -9.525728
  28000000     -9.375390     -9.199351
  28100000     -9.432651     -9.200146
  28200000     -9.489645     -9.150149
  28300000     -9.540573     -9.121909
  28400000     -9.676815     -9.280939
  28500000     -9.774909     -9.388219
  28600000     -9.831303     -9.455213
  28700000     -9.913605     -9.226319
  28800000    -10.008780     -9.444961
  28900000    -10.070804     -9.379677
  29000000    -10.137876     -9.450631
  29100000    -10.202697     -9.532423
  29200000    -10.247757     -9.376736
  29300000    -10.324811     -9.586659
  29400000    -10.377535     -9.609525
  29500000    -10.436086     -9.663226
  29600000    -10.530565     -9.634608
  29700000    -10.593533     -9.652645
  29800000    -10.699797     -9.605963
  29900000    -10.761954     -9.561207
  30000000    -10.838710     -9.555615
  30100000    -10.913579     -9.609713
  30200000    -10.961476     -9.691123
  30300000    -11.018691     -9.729177
  30400000    -11.106567     -9.662073
  30500000    -11.180625     -9.650147
  30600000    -11.230997     -9.660337
  30700000    -11.289071     -9.687233
  30800000    -11.300791     -9.857402
  30900000    -11.339314     -9.887148
  31000000    -11.462380     -9.816980
  31100000    -11.514950     -9.830652
  31200000    -11.546545     -9.898893
  31300000    -11.706566     -9.703699
  31400000    -11.774744     -9.717659
  31500000    -11.836679     -9.744361
  31600000    -11.865512     -9.871262
  31700000    -11.970675     -9.777051
  31800000    -12.023248     -9.789380
  31900000    -12.084323     -9.832422
  32000000    -12.146269     -9.849041
  32100000    -12.200458     -9.889362
  32200000    -12.272526     -9.905039
  32300000    -12.313043     -9.959442
  32400000    -12.347330    -10.069813
  32500000    -12.475209     -9.967442
  32600000    -12.585167     -9.792211
  32700000    -12.650492     -9.821499
  32800000    -12.715131     -9.836515
  32900000    -12.798261     -9.780223
  33000000    -12.869393     -9.751201
  33100000    -12.936365     -9.710782
  33200000    -12.886671     -9.437076
  33300000    -12.982349     -9.450363
  33400000    -13.007111     -9.410054
  33500000    -12.989523     -9.248942
  33600000    -13.066210     -9.230633
  33700000    -13.037419     -9.111247
  33800000    -13.161868     -9.156748
  33900000    -13.175593     -9.028635
  34000000    -13.218092     -9.003900
  34100000    -13.224878     -8.913307
  34200000    -13.269012     -8.883413
  34300000    -13.212991     -8.785153
  34400000    -13.317044     -8.773641
  34500000    -13.412557     -8.772126
  34600000    -13.225235     -8.585244
  34700000    -13.368732     -8.571682
  34800000    -13.461638     -8.562369
  34900000    -13.408608     -8.468589
  35000000    -13.474015     -8.443803
  35100000    -13.638362     -8.419972
  35200000    -13.737115     -8.455638
  35300000    -13.767885     -8.366199
  35400000    -13.699295     -8.195308
  35500000    -13.701064     -8.115467
  35600000    -13.839480     -8.129974
  35700000    -13.940960     -8.118935
  35800000    -13.885006     -7.980316
  35900000    -14.048702     -8.031223
  36000000    -13.854739     -7.781845
  36100000    -13.814663     -7.697080
  36200000    -13.755185     -7.601384
  36300000    -13.773906     -7.547338
  36400000    -13.939240     -7.514811
  36500000    -13.976729     -7.447525
  36600000    -13.991886     -7.385553
  36700000    -14.079343     -7.351923
  36800000    -14.159509     -7.328993
  36900000    -14.253751     -7.309134
  37000000    -14.366384     -7.411895
  37100000    -14.399861     -7.332765
  37200000    -14.460078     -7.313270
  37300000    -14.486817     -7.208881
  37400000    -14.519681     -7.127090
  37500000    -14.555285     -7.035245
  37600000    -14.627664     -7.014913
  37700000    -14.678455     -6.975569
  37800000    -14.851249     -7.074751
  37900000    -14.896671     -7.036064
  38000000    -14.892833     -6.916702
  38100000    -14.995241     -6.937666
  38200000    -15.032129     -6.898382
  38300000    -15.115399     -6.965370
  38400000    -15.139422     -6.812018
  38500000    -15.230669     -6.848438
  38600000    -15.287663     -6.747177
  38700000    -15.326379     -6.697504
  38800000    -15.475578     -6.887751
  38900000    -15.508390     -6.774732
  39000000    -15.595320     -6.886791
  39100000    -15.677759     -6.784906
  39200000    -15.743607     -6.822905
  39300000    -15.803415     -6.720468
  39400000    -15.890288     -6.923753
  39500000    -15.959935     -6.934118
  39600000    -16.008856     -6.959815
  39700000    -16.118269     -6.712031
  39800000    -16.186584     -6.740158
  39900000    -16.113539     -6.406118
  40000000    -16.183788     -6.367148
  40100000    -16.340533     -6.451894
  40200000    -16.413694     -6.457065
  40300000    -16.457722     -6.381304
  40400000    -16.501615     -6.343880
  40500000    -16.506116     -6.188801
  40600000    -16.585829     -6.189108
  40700000    -16.750503     -6.317298
  40800000    -16.814167     -6.361322
  40900000    -16.888127     -6.309223
  41000000    -16.950044     -6.270467
  41100000    -16.996674     -6.190787
  41200000    -17.072033     -6.217690
  41300000    -17.132047     -6.186904
  41400000    -17.083095     -5.942252
  41500000    -17.174257     -5.906064
  41600000    -17.204086     -5.840660
  41700000    -17.276239     -5.840072
  41800000    -17.353907     -5.827622
  41900000    -17.368815     -5.716230
  42000000    -17.469404     -5.768593
  42100000    -17.510124     -5.756613
  42200000    -17.542672     -5.636526
  42300000    -17.596806     -5.562011
  42400000    -17.671287     -5.587175
  42500000    -17.717400     -5.525954
  42600000    -17.811273     -5.531056
  42700000    -17.920945     -5.604310
  42800000    -17.989354     -5.589519
  42900000    -18.032039     -5.528290
  43000000    -18.088113     -5.486706
  43100000    -18.102130     -5.383961
  43200000    -18.237838     -5.480895
  43300000    -18.231186     -5.252506
  43400000    -18.224600     -5.141191
  43500000    -18.269886     -5.120319
  43600000    -18.303820     -5.056442
  43700000    -18.456647     -5.108106
  43800000    -18.510840     -5.066956
  43900000    -18.572157     -5.008571
  44000000    -18.715698     -5.068913
  44100000    -18.795139     -5.140473
  44200000    -18.818132     -4.912137
  44300000    -18.908666     -4.987956
  44400000    -18.965902     -4.919706
  44500000    -19.040567     -4.909862
  44600000    -19.069240     -4.764566
  44700000    -19.162423     -4.837231
  44800000    -19.246593     -4.984582
  44900000    -19.265283     -5.064004
  45000000    -19.388819     -4.811516
  45100000    -19.458137     -5.049393
  45200000    -19.573013     -5.017152
  45300000    -19.657935     -5.021540
  45400000    -19.715324     -4.932207
  45500000    -19.772523     -5.125457
  45600000    -19.823392     -5.178422
  45700000    -19.874112     -5.188245
  45800000    -19.941081     -5.177153
  45900000    -19.979176     -5.232946
  46000000    -20.037776     -5.306295
  46100000    -20.126734     -5.292020
  46200000    -20.208500     -5.257877
  46300000    -20.265557     -5.292723
  46400000    -20.274456     -5.402517
  46500000    -20.353556     -5.406119
  46600000    -20.390984     -5.455186
  46700000    -20.527244     -5.363524
  46800000    -20.590743     -5.319090
  46900000    -20.644001     -5.480406
  47000000    -20.714565     -5.477197
  47100000    -20.792497     -5.491293
  47200000    -20.845759     -5.475386
  47300000    -20.905640     -5.455314
  47400000    -20.979535     -5.500466
  47500000    -21.034098     -5.544385
  47600000    -21.085302     -5.406658
  47700000    -21.162001     -5.368229
  47800000    -21.217803     -5.331557
  47900000    -21.286266     -5.383760
  48000000    -21.344017     -5.649189
  48100000    -21.426574     -5.647067
  48200000    -21.477316     -5.612653
  48300000    -21.521096     -5.552476
  48400000    -21.572371     -5.541957
  48500000    -21.652800     -5.589570
  48600000    -21.699433     -5.470686
  48700000    -21.785655     -5.508135
  48800000    -21.784348     -5.414313
  48900000    -21.880294     -5.414893
  49000000    -21.944807     -5.393851
  49100000    -21.987756     -5.325344
  49200000    -22.089303     -5.435921
  49300000    -22.144029     -5.463677
  49400000    -22.202555     -5.348807
  49500000    -22.280076     -5.395530
  49600000    -22.346363     -5.486962
  49700000    -22.397301     -5.223220
  49800000    -22.434080     -5.134771
  49900000    -22.577988     -5.281892
  50000000    -22.676307     -5.432487
