         0      3.000000      0.000000
    100000      3.052144      0.007513
    200000      3.122094     -0.009839
    300000      3.176535     -0.047606
    400000      3.238751     -0.043542
    500000      3.304264     -0.100171
    600000      3.377198     -0.175711
    700000      3.446145     -0.007696
    800000      3.523071     -0.195621
    900000      3.563585     -0.262142
   1000000      3.634617     -0.209655
   1100000      3.703303     -0.133373
   1200000      3.684395     -0.361890
   1300000      3.841973     -0.291963
   1400000      3.904631     -0.309463
   1500000      3.989680     -0.273249
   1600000      4.054296     -0.222820
   1700000      4.123360     -0.249941
   1800000      4.152614     -0.430005
   1900000      4.238329     -0.408159
   2000000      4.288186     -0.457597
   2100000      4.351391     -0.464065
   2200000      4.421463     -0.453087
   2300000      4.487015     -0.403402
   2400000      4.553004     -0.394752
   2500000      4.567905     -0.659339
   2600000      4.662699     -0.583014
   2700000      4.711734     -0.628728
   2800000      4.747144     -0.679683
   2900000      4.771555     -0.742819
   3000000      4.784679     -0.808252
   3100000      4.904876     -0.776474
   3200000      4.967970     -0.771117
   3300000      4.980121     -0.866027
   3400000      5.026005     -0.940642
   3500000      5.118477     -0.960507
   3600000      5.196075     -0.954302
   3700000      5.222005     -1.029602
   3800000      5.276407     -1.054176
   3900000      5.336631     -1.106125
   4000000      5.381435     -1.168555
   4100000      5.377091     -1.278726
   4200000      5.426500     -1.311471
   4300000      5.127169     -1.578417
   4400000      5.073921     -1.654674
   4500000      5.108715     -1.702262
   4600000      5.209414     -1.743617
   4700000      5.214685     -1.816603
   4800000      5.336312     -1.822714
   4900000      5.329728     -1.900406
   5000000      5.197897     -2.041110
   5100000      5.193203     -2.107889
   5200000      5.257701     -2.159647
   5300000      5.315953     -2.191854
   5400000      5.296731     -2.269727
   5500000      5.466354     -2.288431
   5600000      5.484736     -2.344933
   5700000      5.474081     -2.416705
   5800000      5.438672     -2.496201
   5900000      5.260641     -2.560881
   6000000      5.474871     -2.609557
   6100000      5.562668     -2.653679
   6200000      5.721108     -2.659858
   6300000      5.761281     -2.720624
   6400000      5.543591     -2.871089
   6500000      5.450058     -2.957838
   6600000      5.559432     -3.019699
   6700000      5.559274     -3.057278
   6800000      5.099567     -3.231716
   6900000      5.139665     -3.313367
   7000000      5.067929     -3.381555
   7100000      4.987635     -3.419538
   7200000      4.930733     -3.443348
   7300000      4.871369     -3.465372
   7400000      4.827454     -3.509937
   7500000      4.879271     -3.617171
   7600000      4.876509     -3.692623
   7700000      4.877828     -3.774556
   7800000      4.867734     -3.844727
   7900000      4.925755     -3.917873
   8000000      4.847456     -3.976983
   8100000      4.823550     -4.031270
   8200000      4.528661     -3.951993
   8300000      4.470626     -3.994121
   8400000      4.408868     -4.023892
   8500000      4.266120     -3.910278
   8600000      4.173984     -3.855659
   8700000      4.104262     -3.834319
   8800000      4.141975     -4.147108
   8900000      4.108293     -4.232551
   9000000      4.074894     -4.297308
   9100000      4.056900     -4.370958
   9200000      3.984609     -4.422108
   9300000      3.982277     -4.506779
   9400000      3.958828     -4.564182
   9500000      3.722520     -4.447855
   9600000      3.704799     -4.490616
   9700000      3.563921     -4.481120
   9800000      3.499592     -4.534587
   9900000      3.476465     -4.626936
  10000000      3.440979     -4.693999
  10100000      3.386031     -4.740339
  10200000      3.287245     -4.727571
  10300000      3.190898     -4.714758
  10400000      3.131798     -4.712724
  10500000      3.225663     -4.981935
  10600000      3.131994     -4.974238
  10700000      3.093431     -5.053135
  10800000      3.091287     -5.158590
  10900000      2.956632     -5.048885
  11000000      2.883050     -5.073417
  11100000      2.819670     -5.018081
  11200000      2.820765     -5.271425
  11300000      2.775621     -5.340688
  11400000      2.592939     -5.174480
  11500000      2.561827     -5.313696
  11600000      2.547636     -5.417186
  11700000      2.457750     -5.394990
  11800000      2.487220     -5.555638
  11900000      2.290027     -5.410098
  12000000      2.266744     -5.506138
  12100000      2.312930     -5.623312
  12200000      2.124025     -5.475042
  12300000      2.156993     -5.659287
  12400000      2.221727     -5.814819
  12500000      2.193357     -5.866213
  12600000      2.186489     -5.923825
  12700000      2.154146     -5.989670
  12800000      2.093620     -6.028390
  12900000      2.114237     -6.076891
  13000000      1.825179     -6.003833
  13100000      1.666106     -5.895832
  13200000      1.490648     -5.717885
  13300000      1.479514     -5.871773
  13400000      1.390506     -5.834805
  13500000      1.304668     -5.788123
  13600000      1.210210     -5.740521
  13700000      1.143962     -5.746239
  13800000      1.076821     -5.823671
  13900000      1.002101     -5.720222
  14000000      0.923210     -5.811277
  14100000      0.894592     -5.919615
  14200000      0.838692     -5.952312
  14300000      0.753871     -5.935562
  14400000      0.677644     -5.952002
  14500000      0.644454     -6.001474
  14600000      0.548862     -5.908422
  14700000      0.506805     -5.998607
  14800000      0.459060     -6.045907
  14900000      0.407664     -6.107343
  15000000      0.286203     -6.043249
  15100000      0.215989     -6.048988
  15200000      0.137296     -6.065287
  15300000      0.082145     -5.992727
  15400000     -0.005604     -5.960549
  15500000     -0.061634     -5.922568
  15600000     -0.155112     -6.031058
  15700000     -0.228315     -6.050577
  15800000     -0.299060     -6.103211
  15900000     -0.374117     -6.074033
  16000000     -0.416735     -6.098480
  16100000     -0.482205     -5.922076
  16200000     -0.547242     -5.883581
  16300000     -0.569845     -5.830884
  16400000     -0.695307     -6.129965
  16500000     -0.750943     -6.122977
  16600000     -0.814909     -6.118569
  16700000     -0.826451     -5.951420
  16800000     -0.901797     -5.988621
  16900000     -0.976661     -5.974495
  17000000     -1.028037     -5.915215
  17100000     -1.116043     -5.918582
  17200000     -1.195084     -6.092248
  17300000     -1.237030     -6.042790
  17400000     -1.276127     -5.998813
  17500000     -1.415891     -6.318174
  17600000     -1.491607     -6.323424
  17700000     -1.564821     -6.379843
  17800000     -1.600426     -6.447845
  17900000     -1.659369     -6.463244
  18000000     -1.719881     -6.460794
  18100000     -1.789284     -6.465608
  18200000     -1.870052     -6.418248
  18300000     -1.930469     -6.547273
  18400000     -2.003554     -6.514895
  18500000     -2.082513     -6.545287
  18600000     -2.128782     -6.685721
  18700000     -2.196051     -6.706102
  18800000     -2.255649     -6.795348
  18900000     -2.287964     -6.852021
  19000000     -2.406655     -6.799621
  19100000     -2.503889     -6.632707
  19200000     -2.564447     -6.763871
  19300000     -2.675307     -6.627614
  19400000     -2.736627     -6.597582
  19500000     -2.799250     -6.668404
  19600000     -2.876034     -6.665640
  19700000     -2.927912     -6.824338
  19800000     -2.997106     -6.841973
  19900000     -3.068690     -6.870742
  20000000     -3.123811     -6.885965
  20100000     -3.208820     -6.853342
  20200000     -3.295264     -6.778750
  20300000     -3.346808     -6.872348
  20400000     -3.448860     -6.839958
  20500000     -3.517408     -6.740781
  20600000     -3.573727     -6.791240
  20700000     -3.637501     -6.670899
  20800000     -3.707868     -6.627583
  20900000     -3.756383     -6.573788
  21000000     -3.824728     -6.562662
  21100000     -3.915391     -6.740252
  21200000     -3.973900     -6.763740
  21300000     -4.016020     -6.843208
  21400000     -4.052159     -6.910511
  21500000     -4.157725     -6.847364
  21600000     -4.240978     -6.846945
  21700000     -4.311815     -6.834004
  21800000     -4.346416     -6.955756
  21900000     -4.427236     -6.894079
  22000000     -4.492318     -6.986649
  22100000     -4.556802     -6.954353
  22200000     -4.599434     -7.039673
  22300000     -4.656216     -7.049260
  22400000     -4.645459     -7.196817
  22500000     -4.797969     -7.088296
  22600000     -4.884701     -7.036437
  22700000     -4.931518     -7.083377
  22800000     -4.975875     -7.134729
  22900000     -5.042226     -7.168172
  23000000     -5.123547     -7.162266
  23100000     -5.255797     -7.041254
  23200000     -5.233398     -7.222358
  23300000     -5.356235     -7.142680
  23400000     -5.436319     -7.145227
  23500000     -5.537044     -7.124983
  23600000     -5.570045     -7.249597
  23700000     -5.659263     -7.199545
  23800000     -5.751032     -7.120780
  23900000     -5.787412     -7.231299
  24000000     -5.880753     -7.047999
  24100000     -5.937050     -7.221353
  24200000     -6.003113     -7.207706
  24300000     -6.058039     -7.257147
  24400000     -6.116799     -7.341522
  24500000     -6.227475     -7.261557
  24600000     -6.253482     -7.352647
  24700000     -6.323383     -7.344212
  24800000     -6.353575     -7.462966
  24900000     -6.452674     -7.444510
  25000000     -6.481704     -7.501226
  25100000     -6.532974     -7.546979
  25200000     -6.627808     -7.526296
  25300000     -6.675894     -7.554632
  25400000     -6.637206     -7.671664
  25500000     -6.850110     -7.423543
  25600000     -6.915927     -7.485666
  25700000     -6.863203     -7.765154
  25800000     -7.056077     -7.590540
  25900000     -7.122001     -7.681287
  26000000     -7.110774     -7.796688
  26100000     -7.195191     -7.815428
  26200000     -7.142774     -7.921110
  26300000     -7.264661     -7.896112
  26400000     -7.214777     -8.036102
  26500000     -7.329794     -8.042733
  26600000     -7.396923     -8.058417
  26700000     -7.612660     -7.838904
  26800000     -7.699758     -7.804654
  26900000     -7.755694     -7.727496
  27000000     -7.831532     -7.828849
  27100000     -7.844087     -8.052394
  27200000     -7.929129     -8.018457
  27300000     -7.986397     -8.042629
  27400000     -8.009062     -8.152129
  27500000     -8.072736     -8.210268
  27600000     -8.105129     -8.248976
  27700000     -8.168114     -8.269807
  27800000     -8.267343     -8.284643
  27900000     -8.323189     -8.287889
  28000000     -8.361882     -8.308141
  28100000     -8.432950     -8.322493
  28200000     -8.500309     -8.362512
  28300000     -8.553938     -8.336941
  28400000     -8.592081     -8.477721
  28500000     -8.601476     -8.644296
  28600000     -8.682003     -8.644537
  28700000     -8.822351     -8.494986
  28800000     -8.889392     -8.464426
  28900000     -8.963048     -8.379977
  29000000     -9.016284     -8.393049
  29100000     -9.056909     -8.267884
  29200000     -9.142719     -8.382612
  29300000     -9.230903     -8.366960
  29400000     -9.279675     -8.433925
  29500000     -9.382429     -8.319620
  29600000     -9.457321     -8.285529
  29700000     -9.517886     -8.236086
  29800000     -9.574283     -8.165762
  29900000     -9.682306     -8.354704
  30000000     -9.737016     -8.303466
  30100000     -9.811724     -8.313192
  30200000     -9.895687     -8.356180
  30300000     -9.964463     -8.384120
  30400000    -10.021880     -8.446769
  30500000    -10.086506     -8.317458
  30600000    -10.135367     -8.204064
  30700000    -10.172963     -8.183341
  30800000    -10.290255     -8.499335
  30900000    -10.353413     -8.507285
  31000000    -10.400614     -8.592675
  31100000    -10.508737     -8.500572
  31200000    -10.548806     -8.561025
  31300000    -10.603573     -8.583621
  31400000    -10.716001     -8.543661
  31500000    -10.787122     -8.504853
  31600000    -10.877065     -8.521528
  31700000    -10.908032     -8.635368
  31800000    -10.906427     -8.764376
  31900000    -10.959602     -8.824247
  32000000    -11.138317     -8.663033
  32100000    -11.219172     -8.629173
  32200000    -11.240269     -8.743903
  32300000    -11.379137     -8.559135
  32400000    -11.466942     -8.543824
  32500000    -11.489271     -8.644890
  32600000    -11.538931     -8.708038
  32700000    -11.591771     -8.724119
  32800000    -11.642314     -8.769651
  32900000    -11.703186     -8.797171
  33000000    -11.817932     -8.729927
  33100000    -11.874697     -8.731958
  33200000    -11.956025     -8.755112
  33300000    -11.996816     -8.796310
  33400000    -12.048071     -8.859918
  33500000    -12.124993     -8.888248
  33600000    -12.105890     -9.025049
  33700000    -12.293439     -8.803187
  33800000    -12.282334     -8.986308
  33900000    -12.320228     -9.044668
  34000000    -12.309661     -9.186212
  34100000    -12.454431     -9.129630
  34200000    -12.668523     -8.878552
  34300000    -12.737474     -8.815767
  34400000    -12.765458     -8.930706
  34500000    -12.878165     -8.784239
  34600000    -12.936720     -8.870870
  34700000    -12.994857     -8.889813
  34800000    -13.070765     -8.872450
  34900000    -13.140629     -8.921792
  35000000    -13.201558     -8.941832
  35100000    -13.256500     -8.941047
  35200000    -13.334917     -8.682669
  35300000    -13.412567     -8.645860
  35400000    -13.490023     -8.650372
  35500000    -13.532622     -8.706878
  35600000    -13.585996     -8.725209
  35700000    -13.694135     -8.680796
  35800000    -13.761404     -8.699186
  35900000    -13.827552     -8.670766
  36000000    -13.900273     -8.653813
  36100000    -13.956976     -8.666633
  36200000    -14.005379     -8.580539
  36300000    -14.056422     -8.537011
  36400000    -14.153038     -8.605157
  36500000    -14.228572     -8.681269
  36600000    -14.289118     -8.599239
  36700000    -14.361989     -8.545266
  36800000    -14.410708     -8.569113
  36900000    -14.486121     -8.373290
  37000000    -14.552630     -8.338251
  37100000    -14.596071     -8.265136
  37200000    -14.631757     -8.203460
  37300000    -14.806547     -8.367767
  37400000    -14.873339     -8.357207
  37500000    -14.909152     -8.233137
  37600000    -14.928198     -8.133830
  37700000    -15.012306     -8.168932
  37800000    -15.082867     -8.268499
  37900000    -15.150028     -8.161207
  38000000    -15.209809     -8.217847
  38100000    -15.273545     -8.222011
  38200000    -15.342350     -8.099652
  38300000    -15.406627     -8.081529
  38400000    -15.494720     -8.206940
  38500000    -15.548638     -8.303029
  38600000    -15.597578     -8.295770
  38700000    -15.670818     -7.939138
  38800000    -15.721259     -7.883080
  38900000    -15.749341     -7.801738
  39000000    -15.856815     -7.894859
  39100000    -15.983540     -8.095272
  39200000    -16.049146     -8.162243
  39300000    -16.111482     -8.070618
  39400000    -16.164619     -7.927950
  39500000    -16.227740     -7.954520
  39600000    -16.305406     -8.032215
  39700000    -16.369690     -7.977781
  39800000    -16.447759     -7.928291
  39900000    -16.521734     -8.010982
  40000000    -16.561527     -7.831667
  40100000    -16.625748     -7.811154
  40200000    -16.702069     -7.810748
  40300000    -16.718227     -7.684541
  40400000    -16.846170     -7.649443
  40500000    -16.929679     -7.733760
  40600000    -16.979006     -7.807840
  40700000    -17.041753     -7.589765
  40800000    -17.088142     -7.512727
  40900000    -17.209812     -7.662512
  41000000    -17.268201     -7.697655
  41100000    -17.331562     -7.701445
  41200000    -17.387166     -7.710063
  41300000    -17.456818     -7.628243
  41400000    -17.497663     -7.618662
  41500000    -17.599232     -7.601047
  41600000    -17.669735     -7.506844
  41700000    -17.753722     -7.518785
  41800000    -17.812441     -7.511479
  41900000    -17.870254     -7.492928
  42000000    -17.910680     -7.360093
  42100000    -17.973709     -7.303670
  42200000    -17.981529     -7.173054
  42300000    -18.177121     -7.359061
  42400000    -18.242595     -7.545097
  42500000    -18.315053     -7.328165
  42600000    -18.394879     -7.437058
  42700000    -18.452245     -7.441203
  42800000    -18.505306     -7.381268
  42900000    -18.558554     -7.377616
  43000000    -18.627864     -7.288020
  43100000    -18.702546     -7.273398
  43200000    -18.733528     -7.203793
  43300000    -18.785766     -7.175784
  43400000    -18.879390     -7.224886
  43500000    -18.938182     -7.184398
  43600000    -19.013010     -7.196273
  43700000    -19.101047     -7.229608
  43800000    -19.172671     -7.193460
  43900000    -19.258669     -7.166102
  44000000    -19.313763     -7.119787
  44100000    -19.364904     -7.070992
  44200000    -19.460318     -7.164725
  44300000    -19.474133     -6.983397
  44400000    -19.499601     -6.938172
  44500000    -19.557940     -6.887156
  44600000    -19.608608     -6.850940
  44700000    -19.683189     -6.853946
  44800000    -19.753800     -6.829257
  44900000    -19.938341     -6.951261
  45000000    -20.018417     -6.970912
  45100000    -19.907803     -6.717838
  45200000    -20.057339     -6.713494
  45300000    -20.155217     -6.722289
  45400000    -20.141823     -6.617748
  45500000    -20.236022     -6.629745
  45600000    -20.183043     -6.529116
  45700000    -20.455442     -6.716141
  45800000    -20.615892     -7.004790
  45900000    -20.676169     -6.980798
  46000000    -20.767080     -7.061580
  46100000    -20.839042     -7.113332
  46200000    -20.854797     -6.873371
  46300000    -20.908989     -6.833042
  46400000    -21.041651     -7.124950
  46500000    -21.106146     -7.088615
  46600000    -21.189730     -7.136926
  46700000    -21.236866     -7.198245
  46800000    -21.275333     -7.286986
  46900000    -21.291314     -7.365674
  47000000    -21.330696     -7.393589
  47100000    -21.390527     -7.437904
  47200000    -21.550125     -7.314973
  47300000    -21.620937     -7.297448
  47400000    -21.716155     -7.062755
  47500000    -21.783643     -6.901443
  47600000    -21.852125     -6.950861
  47700000    -21.916903     -6.865648
  47800000    -21.965573     -7.037912
  47900000    -22.034585     -7.071400
  48000000    -22.127286     -6.898780
  48100000    -22.172894     -6.926238
  48200000    -22.233483     -6.982673
  48300000    -22.291867     -7.058303
  48400000    -22.389509     -6.983049
  48500000    -22.471946     -6.979133
  48600000    -22.538531     -6.979338
  48700000    -22.577501     -6.922409
  48800000    -22.563854     -6.771704
  48900000    -22.644466     -6.787557
  49000000    -22.704071     -6.770100
  49100000    -22.532686     -6.570052
  49200000    -22.531883     -6.522725
  49300000    -22.564114     -6.451164
  49400000    -22.633625     -6.413819
  49500000    -22.624589     -6.329565
  49600000    -22.574132     -6.269704
  49700000    -22.766512     -6.226366
  49800000    -22.741017     -6.159032
  49900000    -22.854626     -6.127973
  50000000    -22.946243     -6.075387
