         0      3.000000      0.000000
    100000      3.059043      0.015313
    200000      3.113864     -0.128917
    300000      3.183238     -0.029469
    400000      3.261753     -0.028587
    500000      3.314978     -0.009312
    600000      3.403138     -0.009836
    700000      3.409403      0.189253
    800000      3.470783      0.202715
    900000      3.463433      0.324840
   1000000      3.570003      0.269919
   1100000      3.598780      0.348592
   1200000      3.662936      0.398653
   1300000      3.713485      0.424869
   1400000      3.756181      0.475709
   1500000      3.844264      0.501471
   1600000      3.920643      0.508837
   1700000      3.894952      0.669463
   1800000      3.979502      0.671724
   1900000      3.965978      0.740784
   2000000      3.976708      0.807457
   2100000      4.062723      0.838819
   2200000      4.201668      0.822427
   2300000      4.260989      0.877304
   2400000      4.408863      0.780789
   2500000      4.582291      0.593189
   2600000      4.615632      0.675360
   2700000      4.687601      0.637628
   2800000      4.704810      0.809612
   2900000      4.763434      0.846373
   3000000      4.805004      0.922370
   3100000      4.867713      0.952529
   3200000      4.929291      0.927794
   3300000      4.985065      0.895463
   3400000      5.042708      0.933130
   3500000      5.103534      0.855387
   3600000      5.174143      0.982226
   3700000      5.244113      1.034748
   3800000      5.296260      1.168904
   3900000      5.393629      1.138473
   4000000      5.394729      1.318690
   4100000      5.460919      1.305749
   4200000      5.500521      1.392288
   4300000      5.560152      1.417466
   4400000      5.594109      1.492102
   4500000      5.655333      1.498512
   4600000      5.754413      1.405546
   4700000      5.780130      1.518175
   4800000      5.740311      1.743161
   4900000      5.593737      1.981416
   5000000      5.508376      2.110361
   5100000      5.568888      2.150695
   5200000      5.659697      2.186734
   5300000      5.649907      2.252379
   5400000      5.562903      2.364267
   5500000      5.518852      2.412392
   5600000      5.565272      2.488683
   5700000      5.733977      2.496531
   5800000      5.834573      2.495214
   5900000      5.777043      2.615187
   6000000      5.802280      2.693953
   6100000      5.823351      2.759553
   6200000      5.621635      2.878960
   6300000      5.678903      2.911956
   6400000      5.674055      2.998887
   6500000      5.566160      3.073419
   6600000      5.510056      3.137551
   6700000      5.560996      3.194698
   6800000      5.623282      3.270340
   6900000      5.953566      3.235480
   7000000      5.946744      3.316348
   7100000      5.973152      3.373160
   7200000      5.865884      3.492352
   7300000      5.959544      3.530549
   7400000      5.840638      3.655347
   7500000      5.997259      3.670281
   7600000      5.933577      3.783625
   7700000      6.146229      3.725937
   7800000      6.124454      3.884116
   7900000      6.161410      3.930485
   8000000      6.152705      4.031943
   8100000      6.109516      4.135995
   8200000      6.300153      4.114057
   8300000      5.999347      4.301378
   8400000      6.141819      4.349372
   8500000      6.144396      4.411942
   8600000      6.233828      4.459385
   8700000      6.273695      4.505775
   8800000      6.228216      4.599980
   8900000      6.295273      4.640250
   9000000      6.315724      4.702908
   9100000      6.363170      4.762272
   9200000      6.217129      4.871507
   9300000      6.218050      4.948930
   9400000      6.296561      5.022556
   9500000      6.260108      5.106953
   9600000      6.370602      5.151520
   9700000      6.272958      5.251930
   9800000      6.443599      5.278321
   9900000      6.202226      5.405285
  10000000      6.006305      5.441985
  10100000      5.910463      5.455811
  10200000      5.920159      5.544035
  10300000      5.827669      5.555531
  10400000      5.726360      5.555249
  10500000      5.752304      5.671681
  10600000      5.716085      5.742442
  10700000      5.666983      5.804246
  10800000      5.711481      5.925431
  10900000      5.703713      5.975105
  11000000      5.691922      6.032429
  11100000      5.645715      6.085074
  11200000      5.495229      6.091921
  11300000      5.435132      6.124004
  11400000      5.440282      6.199529
  11500000      5.316393      6.192356
  11600000      5.179878      6.108599
  11700000      5.133502      6.178895
  11800000      5.055722      6.213450
  11900000      4.995941      6.217126
  12000000      4.961018      6.248134
  12100000      4.901732      6.246369
  12200000      4.857853      6.322903
  12300000      4.751245      6.242298
  12400000      4.663042      6.199346
  12500000      4.592307      6.127709
  12600000      4.528172      6.133795
  12700000      4.470919      6.222022
  12800000      4.378819      6.277241
  12900000      4.312842      6.267691
  13000000      4.312371      6.465841
  13100000      4.208445      6.378379
  13200000      4.176402      6.501839
  13300000      4.118529      6.505159
  13400000      4.050998      6.450200
  13500000      3.950469      6.404104
  13600000      3.933433      6.585749
  13700000      3.829674      6.522514
  13800000      3.732860      6.459100
  13900000      3.713428      6.616042
  14000000      3.635994      6.614101
  14100000      3.567836      6.602058
  14200000      3.539967      6.713063
  14300000      3.492557      6.775385
  14400000      3.407150      6.723564
  14500000      3.353834      6.793322
  14600000      3.264165      6.739023
  14700000      3.236538      6.828093
  14800000      3.149808      6.818172
  14900000      3.067667      6.682441
  15000000      2.995958      6.676840
  15100000      3.099082      7.137531
  15200000      3.021757      7.144603
  15300000      3.016773      7.209916
  15400000      2.853230      7.107024
  15500000      2.810830      7.190765
  15600000      2.756975      7.205901
  15700000      2.665531      7.109826
  15800000      2.630628      7.168840
  15900000      2.546364      7.075058
  16000000      2.472260      7.041188
  16100000      2.424610      6.944614
  16200000      2.312433      7.142565
  16300000      2.262761      7.177694
  16400000      2.195655      7.220843
  16500000      2.159513      7.338109
  16600000      2.080349      7.312854
  16700000      2.049826      7.267824
  16800000      1.923887      7.180160
  16900000      1.846745      7.127576
  17000000      1.769882      7.096637
  17100000      1.719072      7.015125
  17200000      1.647492      7.083349
  17300000      1.551301      7.116746
  17400000      1.508522      6.998225
  17500000      1.455434      6.929319
  17600000      1.398172      6.884998
  17700000      1.327495      6.875585
  17800000      1.254380      6.910626
  17900000      1.225299      6.987893
  18000000      1.152869      6.774595
  18100000      1.089008      6.797912
  18200000      1.040178      6.729895
  18300000      1.003060      6.624455
  18400000      1.066422      6.428478
  18500000      0.985714      6.434085
  18600000      0.924188      6.391671
  18700000      0.823948      6.414195
  18800000      0.792583      6.353133
  18900000      0.731559      6.336235
  19000000      0.600515      6.399238
  19100000      0.502446      6.428643
  19200000      0.467574      6.358455
  19300000      0.398239      6.342610
  19400000      0.433270      6.197934
  19500000      0.475865      6.111073
  19600000      0.338144      6.115668
  19700000      0.321828      6.053852
  19800000      0.201852      6.037224
  19900000      0.123862      6.038390
  20000000      0.148982      5.919592
  20100000      0.188443      5.813708
  20200000      0.165619      5.746632
  20300000      0.119989      5.710043
  20400000      0.095206      5.668636
  20500000      0.076339      5.644036
  20600000      0.098299      5.551560
  20700000      0.133479      5.458903
  20800000      0.129867      5.395981
  20900000      0.035134      5.357991
  21000000     -0.040960      5.341780
  21100000     -0.057489      5.288044
  21200000     -0.015147      5.185839
  21300000      0.003021      5.102643
  21400000     -0.031349      5.046005
  21500000     -0.009648      4.968481
  21600000     -0.199610      5.093942
  21700000     -0.165691      4.930008
  21800000     -0.090051      4.807641
  21900000      0.099720      4.717960
  22000000      0.064391      4.647933
  22100000      0.015884      4.569185
  22200000     -0.016814      4.495581
  22300000     -0.046170      4.435922
  22400000     -0.110546      4.373018
  22500000     -0.072073      4.291645
  22600000     -0.139840      4.263126
  22700000     -0.139691      4.196689
  22800000     -0.121836      4.122475
  22900000      0.002125      4.052452
  23000000     -0.068817      3.975027
  23100000     -0.367003      3.976673
  23200000     -0.323030      3.893370
  23300000     -0.122707      3.766140
  23400000     -0.136670      3.703665
  23500000      0.064405      3.638523
  23600000      0.035796      3.584837
  23700000      0.091123      3.511479
  23800000      0.086366      3.469434
  23900000      0.319238      3.384365
  24000000      0.362596      3.340603
  24100000      0.369728      3.253972
  24200000      0.563198      3.225325
  24300000      0.641611      3.207093
  24400000      0.581933      3.085220
  24500000      0.533715      2.998870
  24600000      0.496252      2.950963
  24700000      0.509321      2.887176
  24800000      0.690351      2.829784
  24900000      0.769217      2.777729
  25000000      0.776309      2.695799
  25100000      0.832693      2.651414
  25200000      0.894167      2.632640
  25300000      0.652371      2.453426
  25400000      0.678572      2.404225
  25500000      0.762306      2.350454
  25600000      0.967260      2.361457
  25700000      0.935436      2.273974
  25800000      0.981746      2.231366
  25900000      0.955553      2.137554
  26000000      1.098068      2.146272
  26100000      1.005928      2.023571
  26200000      1.059822      2.016885
  26300000      1.084948      1.991053
  26400000      1.131020      1.900551
  26500000      0.921868      1.706192
  26600000      0.873135      1.643670
  26700000      0.772711      1.584545
  26800000      0.608348      1.507235
  26900000      0.546299      1.451572
  27000000      0.354561      1.453583
  27100000      0.355548      1.369895
  27200000      0.239815      1.350113
  27300000      0.356442      1.218876
  27400000      0.379814      1.161173
  27500000      0.223840      1.121710
  27600000     -0.018806      1.173411
  27700000     -0.125113      1.176918
  27800000     -0.179692      1.128712
  27900000     -0.230149      1.107958
  28000000     -0.179229      0.944488
  28100000     -0.218170      0.886580
  28200000     -0.290426      0.852128
  28300000     -0.345751      0.815348
  28400000     -0.403828      0.786883
  28500000     -0.482148      0.780127
  28600000     -0.457560      0.659591
  28700000     -0.536889      0.640233
  28800000     -0.505166      0.540096
  28900000     -0.678409      0.586934
  29000000     -0.732714      0.572883
  29100000     -0.786271      0.513839
  29200000     -0.854378      0.498675
  29300000     -0.799770      0.335436
  29400000     -0.964875      0.389795
  29500000     -0.848393      0.204380
  29600000     -0.967660      0.211424
  29700000     -1.170386      0.389756
  29800000     -1.226817      0.381512
  29900000     -1.215016      0.219453
  30000000     -1.232285      0.160962
  30100000     -1.406200      0.273944
  30200000     -1.467920      0.259598
  30300000     -1.555278      0.333784
  30400000     -1.626200      0.306647
  30500000     -1.666807      0.175390
  30600000     -1.725746      0.146119
  30700000     -1.782928      0.072441
  30800000     -1.837283      0.089154
  30900000     -1.894759     -0.045393
  31000000     -1.947295     -0.072621
  31100000     -1.948198     -0.202854
  31200000     -1.925389     -0.298964
  31300000     -1.951485     -0.353574
  31400000     -1.858555     -0.450230
  31500000     -1.852860     -0.499537
  31600000     -1.874244     -0.546190
  31700000     -1.913376     -0.615994
  31800000     -1.861241     -0.677121
  31900000     -1.958061     -0.731518
  32000000     -1.934393     -0.806042
  32100000     -2.077687     -0.839727
  32200000     -2.321734     -0.825981
  32300000     -2.258869     -0.901005
  32400000     -2.385868     -0.914755
  32500000     -2.270956     -1.026209
  32600000     -2.309291     -1.101532
  32700000     -2.346029     -1.167738
  32800000     -2.493298     -1.192164
  32900000     -2.470435     -1.267035
  33000000     -2.599625     -1.287103
  33100000     -2.565167     -1.372437
  33200000     -2.590623     -1.428008
  33300000     -2.536526     -1.505222
  33400000     -2.633251     -1.588097
  33500000     -2.638530     -1.674342
  33600000     -2.796875     -1.680284
  33700000     -2.795123     -1.755398
  33800000     -2.875561     -1.777393
  33900000     -2.905142     -1.863111
  34000000     -2.956360     -1.900444
  34100000     -2.771968     -2.093280
  34200000     -2.792724     -2.161829
  34300000     -2.844259     -2.204991
  34400000     -2.884417     -2.262111
  34500000     -2.883437     -2.335861
  34600000     -2.829580     -2.449966
  34700000     -2.761410     -2.550523
  34800000     -2.866618     -2.578098
  34900000     -2.937099     -2.613901
  35000000     -2.912695     -2.716135
  35100000     -3.062072     -2.712893
  35200000     -3.034686     -2.787779
  35300000     -3.102510     -2.823684
  35400000     -3.109608     -2.896450
  35500000     -3.302809     -2.839518
  35600000     -3.289457     -2.939035
  35700000     -3.324717     -3.011533
  35800000     -3.366467     -3.062469
  35900000     -3.347486     -3.164382
  36000000     -3.388621     -3.240533
  36100000     -3.446803     -3.262500
  36200000     -3.491177     -3.341036
  36300000     -3.403451     -3.459384
  36400000     -3.463518     -3.503236
  36500000     -3.484428     -3.569807
  36600000     -3.456724     -3.640990
  36700000     -3.655799     -3.656733
  36800000     -3.711499     -3.674327
  36900000     -3.703748     -3.791313
  37000000     -3.736103     -3.852603
  37100000     -3.822157     -3.900930
  37200000     -3.811837     -3.969651
  37300000     -3.857560     -4.028112
  37400000     -3.869379     -4.093742
  37500000     -3.843084     -4.171460
  37600000     -3.883145     -4.243750
  37700000     -3.829672     -4.341447
  37800000     -3.799059     -4.405038
  37900000     -3.998992     -4.444782
  38000000     -3.829776     -4.556757
  38100000     -3.982227     -4.588703
  38200000     -4.001820     -4.636944
  38300000     -4.164427     -4.644023
  38400000     -4.306902     -4.586172
  38500000     -4.338033     -4.637684
  38600000     -4.234793     -4.813749
  38700000     -3.927685     -4.924111
  38800000     -3.862285     -4.985235
  38900000     -4.075190     -5.050009
  39000000     -4.155132     -5.117167
  39100000     -4.214159     -5.173183
  39200000     -4.236080     -5.246821
  39300000     -4.380207     -5.261877
  39400000     -3.941526     -5.365761
  39500000     -4.034359     -5.467526
  39600000     -4.029184     -5.540215
  39700000     -3.975873     -5.594466
  39800000     -4.224547     -5.656228
  39900000     -4.394341     -5.690290
  40000000     -4.326671     -5.793926
  40100000     -4.419331     -5.809096
  40200000     -4.306955     -5.945399
  40300000     -4.402375     -5.976434
  40400000     -4.392024     -6.041238
  40500000     -4.411339     -6.097107
  40600000     -4.414002     -6.148845
  40700000     -4.414153     -6.228799
  40800000     -4.461703     -6.284766
  40900000     -4.502290     -6.327988
  41000000     -4.449088     -6.403175
  41100000     -4.456804     -6.470432
  41200000     -4.500003     -6.533269
  41300000     -4.445864     -6.617055
  41400000     -4.549128     -6.686401
  41500000     -4.658256     -6.739454
  41600000     -4.766567     -6.766466
  41700000     -4.792498     -6.840623
  41800000     -4.845595     -6.880574
  41900000     -4.851368     -6.952961
  42000000     -4.910084     -6.967158
  42100000     -4.868975     -7.080692
  42200000     -4.824784     -7.182129
  42300000     -5.031907     -7.173742
  42400000     -4.900400     -7.303072
  42500000     -4.914529     -7.370731
  42600000     -5.014505     -7.422812
  42700000     -5.077235     -7.458610
  42800000     -5.155664     -7.513640
  42900000     -5.156223     -7.580328
  43000000     -5.170641     -7.641591
  43100000     -5.373421     -7.602687
  43200000     -5.471225     -7.629713
  43300000     -5.537382     -7.656736
  43400000     -5.535117     -7.754535
  43500000     -5.663565     -7.732882
  43600000     -5.689727     -7.793235
  43700000     -5.648107     -7.926806
  43800000     -5.874003     -7.790519
  43900000     -5.861654     -7.930232
  44000000     -5.917782     -7.960857
  44100000     -5.991057     -7.974938
  44200000     -5.986529     -8.083363
  44300000     -6.112999     -8.059882
  44400000     -6.115810     -8.177848
  44500000     -6.186371     -8.203751
  44600000     -6.293676     -8.158803
  44700000     -6.370347     -8.144808
  44800000     -6.418693     -8.164135
  44900000     -6.443923     -8.263394
  45000000     -6.512297     -8.266836
  45100000     -6.545885     -8.360964
  45200000     -6.413490     -8.560847
  45300000     -6.425939     -8.627465
  45400000     -6.479059     -8.672342
  45500000     -6.577093     -8.702921
  45600000     -6.800883     -8.588563
  45700000     -6.904193     -8.564857
  45800000     -6.985415     -8.537271
  45900000     -7.021805     -8.596997
  46000000     -7.099839     -8.614357
  46100000     -7.137502     -8.709936
  46200000     -7.228318     -8.694224
  46300000     -7.290531     -8.672688
  46400000     -7.348925     -8.666896
  46500000     -7.423997     -8.721541
  46600000     -7.490688     -8.728971
  46700000     -7.504085     -8.866263
  46800000     -7.510414     -8.965372
  46900000     -7.572347     -8.999725
  47000000     -7.519976     -9.128032
  47100000     -7.662844     -9.112505
  47200000     -7.752568     -9.134284
  47300000     -7.812774     -9.127264
  47400000     -7.864769     -9.218174
  47500000     -7.939768     -9.241418
  47600000     -8.012689     -9.248768
  47700000     -7.976773     -9.409900
  47800000     -8.012094     -9.485292
  47900000     -8.071560     -9.514876
  48000000     -8.139705     -9.523406
  48100000     -8.268905     -9.455900
  48200000     -8.151258     -9.701602
  48300000     -8.316923     -9.614432
  48400000     -8.356129     -9.662960
  48500000     -8.343588     -9.715586
  48600000     -8.558958     -9.662410
  48700000     -8.639285     -9.691462
  48800000     -8.645217     -9.810759
  48900000     -8.644683     -9.896685
  49000000     -8.636153     -9.969409
  49100000     -8.822012     -9.903956
  49200000     -8.892591     -9.895062
  49300000     -8.904275    -10.009816
  49400000     -8.912969    -10.126013
  49500000     -8.967900    -10.159845
  49600000     -8.923786    -10.281719
  49700000     -8.905804    -10.357915
  49800000     -8.881568    -10.446817
  49900000     -8.977068    -10.467437
  50000000     -8.848660    -10.584625
