         0      3.000000      0.000000
    100000      3.031856      0.015871
    200000      3.103569     -0.023278
    300000      3.143059      0.205105
    400000      3.208668      0.215534
    500000      3.269474      0.249067
    600000      3.347539      0.185852
    700000      3.396315      0.212843
    800000      3.383644      0.387339
    900000      3.456139      0.407864
   1000000      3.531692      0.428832
   1100000      3.566605      0.490875
   1200000      3.579374      0.556052
   1300000      3.807786      0.310328
   1400000      3.905866     -0.038400
   1500000      3.992245      0.076256
   1600000      4.058367     -0.041006
   1700000      4.121588     -0.021347
   1800000      4.191504     -0.054835
   1900000      4.255381     -0.019861
   2000000      4.320748     -0.021090
   2100000      4.389099      0.064758
   2200000      4.439200      0.026319
   2300000      4.476222     -0.020789
   2400000      4.564923     -0.038255
   2500000      4.642574      0.006214
   2600000      4.711991      0.000162
   2700000      4.670068     -0.102957
   2800000      4.839370     -0.059496
   2900000      4.928323      0.021195
   3000000      4.988518      0.006265
   3100000      5.010415     -0.073491
   3200000      5.093862     -0.073692
   3300000      5.157340     -0.052381
   3400000      5.167890     -0.200640
   3500000      5.202580     -0.310537
   3600000      5.260240     -0.342825
   3700000      5.271865     -0.413539
   3800000      5.273423     -0.500842
   3900000      5.429781     -0.452959
   4000000      5.471834     -0.494253
   4100000      5.639687     -0.344258
   4200000      5.696691     -0.340550
   4300000      5.764898     -0.364224
   4400000      5.824592     -0.349074
   4500000      5.911062     -0.289855
   4600000      6.011601     -0.157948
   4700000      6.079376     -0.144948
   4800000      6.157916     -0.117699
   4900000      6.231571     -0.219462
   5000000      6.298156     -0.188698
   5100000      6.352103     -0.238639
   5200000      6.388132     -0.342033
   5300000      6.529929     -0.171792
   5400000      6.588885     -0.176471
   5500000      6.645319     -0.277507
   5600000      6.711394     -0.352914
   5700000      6.761037     -0.377526
   5800000      6.787666     -0.404844
   5900000      6.847015     -0.466725
   6000000      6.954718     -0.427239
   6100000      7.041018     -0.260477
   6200000      7.106298     -0.330545
   6300000      7.176171     -0.366318
   6400000      7.255084     -0.278267
   6500000      7.311959     -0.449333
   6600000      7.379583     -0.436516
   6700000      7.417357     -0.526224
   6800000      7.440282     -0.582033
   6900000      7.530838     -0.562154
   7000000      7.638539     -0.499180
   7100000      7.637498     -0.645586
   7200000      7.755468     -0.574934
   7300000      7.840571     -0.596259
   7400000      7.886835     -0.660675
   7500000      7.950889     -0.676354
   7600000      7.975453     -0.742338
   7700000      8.106310     -0.503184
   7800000      8.153407     -0.789741
   7900000      8.205356     -0.844231
   8000000      8.284664     -0.799662
   8100000      8.285459     -0.990663
   8200000      8.392446     -0.931543
   8300000      8.414578     -1.023519
   8400000      8.471946     -1.100731
   8500000      8.508300     -1.164008
   8600000      8.533119     -1.230208
   8700000      8.594852     -1.284692
   8800000      8.613247     -1.362531
   8900000      8.617054     -1.443265
   9000000      8.732935     -1.432746
   9100000      8.673476     -1.552830
   9200000      8.666080     -1.639161
   9300000      8.929644     -1.549294
   9400000      8.973330     -1.597272
   9500000      9.028033     -1.642776
   9600000      9.193115     -1.474492
   9700000      9.167661     -1.652824
   9800000      9.232007     -1.689674
   9900000      9.345185     -1.614370
  10000000      9.381535     -1.675636
  10100000      9.487770     -1.624969
  10200000      9.455324     -1.726037
  10300000      9.568940     -1.747889
  10400000      9.614460     -1.793819
  10500000      9.669258     -1.841548
  10600000      9.744356     -1.837022
  10700000      9.762686     -1.898678
  10800000      9.839719     -1.902432
  10900000      9.979094     -1.753617
  11000000     10.015401     -1.858380
  11100000     10.062572     -1.941605
  11200000     10.145972     -1.975174
  11300000     10.214076     -1.983344
  11400000     10.258989     -2.045854
  11500000     10.329465     -2.104224
  11600000     10.320080     -2.227293
  11700000     10.340330     -2.285572
  11800000     10.362029     -2.357432
  11900000     10.396185     -2.429197
  12000000     10.446275     -2.486045
  12100000     10.391628     -2.604412
  12200000     10.460749     -2.644860
  12300000     10.473998     -2.683814
  12400000     10.507071     -2.743043
  12500000     10.410129     -2.849116
  12600000     10.502050     -2.883173
  12700000     10.428618     -2.955699
  12800000     10.485705     -3.001909
  12900000     10.450447     -3.062922
  13000000     10.447395     -3.111231
  13100000     10.453716     -3.145856
  13200000     10.251825     -3.193221
  13300000     10.541244     -3.305705
  13400000     10.499249     -3.372766
  13500000     10.475322     -3.432413
  13600000     10.278808     -3.481939
  13700000     10.280166     -3.567269
  13800000     10.311080     -3.635397
  13900000     10.250570     -3.721158
  14000000     10.209271     -3.769426
  14100000     10.184720     -3.834588
  14200000     10.183741     -3.911854
  14300000     10.186200     -3.993523
  14400000     10.091178     -4.034193
  14500000      9.964472     -4.037371
  14600000     10.133536     -4.173065
  14700000     10.388482     -4.248329
  14800000     10.394681     -4.336147
  14900000     10.353238     -4.390255
  15000000     10.245208     -4.448000
  15100000     10.519644     -4.495500
  15200000     10.425962     -4.595884
  15300000     10.390878     -4.671366
  15400000     10.462720     -4.713432
  15500000     10.291864     -4.775226
  15600000     10.251595     -4.842455
  15700000     10.210556     -4.895954
  15800000     10.185734     -4.962163
  15900000     10.237152     -5.067950
  16000000     10.282174     -5.130390
  16100000     10.375974     -5.178408
  16200000     10.403801     -5.237939
  16300000     10.538412     -5.264592
  16400000     10.499526     -5.360143
  16500000     10.540824     -5.405352
  16600000     10.574185     -5.480160
  16700000     10.591672     -5.542725
  16800000     10.669542     -5.606734
  16900000     10.639741     -5.717526
  17000000     10.601606     -5.796681
  17100000     10.739844     -5.825609
  17200000     10.689047     -5.907153
  17300000     10.777583     -5.955774
  17400000     10.752488     -6.029264
  17500000     10.767570     -6.093506
  17600000     10.882777     -6.120417
  17700000     10.859228     -6.196914
  17800000     11.001027     -6.214014
  17900000     10.946891     -6.315122
  18000000     11.017995     -6.355727
  18100000     11.010959     -6.426501
  18200000     11.001728     -6.494630
  18300000     11.021887     -6.563647
  18400000     11.018081     -6.643299
  18500000     10.903056     -6.802735
  18600000     10.983531     -6.847015
  18700000     10.939208     -6.946035
  18800000     11.018199     -6.961014
  18900000     10.751693     -7.114735
  19000000     10.646061     -7.188767
  19100000     10.896131     -7.236943
  19200000     10.849979     -7.321913
  19300000     10.719715     -7.395136
  19400000     10.495726     -7.376573
  19500000     10.890703     -7.492733
  19600000     10.813492     -7.601042
  19700000     10.732563     -7.681114
  19800000     10.725313     -7.749123
  19900000     10.837828     -7.800431
  20000000     10.897088     -7.860489
  20100000     10.933948     -7.927494
  20200000     10.963171     -7.977957
  20300000     10.984515     -8.050961
  20400000     11.075734     -8.090636
  20500000     11.105651     -8.159655
  20600000     11.145832     -8.209293
  20700000     11.075585     -8.295127
  20800000     11.181347     -8.254191
  20900000     11.233514     -8.266970
  21000000     11.218664     -8.421489
  21100000     11.211276     -8.517541
  21200000     11.095188     -8.626347
  21300000     11.178951     -8.678548
  21400000     11.158061     -8.749081
  21500000     11.106446     -8.805655
  21600000     11.052918     -8.852318
  21700000     11.023010     -8.917024
  21800000     10.996858     -8.974725
  21900000     10.972943     -9.028157
  22000000     10.937206     -9.065682
  22100000     11.196036     -9.217930
  22200000     11.063875     -9.251111
  22300000     11.013513     -9.272538
  22400000     11.031591     -9.346599
  22500000     11.009649     -9.406730
  22600000     10.976284     -9.447651
  22700000     10.915746     -9.519863
  22800000     11.118219     -9.646530
  22900000     11.151172     -9.719049
  23000000     11.220196     -9.796089
  23100000     11.297615     -9.859528
  23200000     11.203345     -9.917582
  23300000     11.289823     -9.969102
  23400000     11.195574    -10.014801
  23500000     11.340763    -10.081420
  23600000     11.418937    -10.139565
  23700000     11.285687    -10.222644
  23800000     11.254434    -10.292168
  23900000     11.133790    -10.351134
  24000000     11.035169    -10.396428
  24100000     11.223499    -10.491271
  24200000     11.099500    -10.562350
  24300000     11.201308    -10.622108
  24400000     11.041645    -10.671960
  24500000     10.969611    -10.701464
  24600000     11.072195    -10.823509
  24700000     11.028823    -10.881758
  24800000     11.014186    -10.936697
  24900000     11.117311    -11.033900
  25000000     10.918391    -11.065098
  25100000     10.943148    -11.160655
  25200000     10.910457    -11.222202
  25300000     10.907740    -11.289353
  25400000     10.930447    -11.369455
  25500000     10.891806    -11.436452
  25600000     10.863982    -11.488497
  25700000     10.825229    -11.536197
  25800000     10.821290    -11.614280
  25900000     10.946156    -11.732581
  26000000     10.902240    -11.780685
  26100000     11.050043    -11.875134
  26200000     10.989083    -11.924648
  26300000     10.960256    -11.993911
  26400000     11.121476    -12.073882
  26500000     11.114146    -12.134640
  26600000     11.111902    -12.189015
  26700000     10.935401    -12.254846
  26800000     10.933629    -12.320875
  26900000     10.943534    -12.402601
  27000000     10.990564    -12.465787
  27100000     10.974623    -12.539974
  27200000     10.834296    -12.585516
  27300000     10.857637    -12.644529
  27400000     10.686282    -12.683648
  27500000     10.568130    -12.705580
  27600000     10.527693    -12.764046
  27700000     10.375576    -12.754235
  27800000     10.329044    -12.804126
  27900000     10.278925    -12.826066
  28000000     10.342501    -12.972165
  28100000     10.448751    -13.098151
  28200000     10.366905    -13.147539
  28300000     10.390204    -13.238523
  28400000     10.422964    -13.315291
  28500000     10.424458    -13.375099
  28600000     10.105655    -13.304135
  28700000     10.116865    -13.405557
  28800000     10.023147    -13.424030
  28900000      9.942287    -13.435219
  29000000      9.872666    -13.438746
  29100000      9.846348    -13.526084
  29200000      9.813783    -13.593542
  29300000      9.846914    -13.711175
  29400000      9.869689    -13.790506
  29500000      9.855242    -13.850105
  29600000      9.801047    -13.903810
  29700000      9.853189    -13.971500
  29800000      9.653424    -14.002963
  29900000      9.560494    -14.009176
  30000000      9.565841    -14.085908
  30100000      9.549026    -14.159734
  30200000      9.534629    -14.240562
  30300000      9.189385    -14.022211
  30400000      9.102523    -13.988943
  30500000      9.080566    -14.117131
  30600000      9.102077    -14.220469
  30700000      8.949917    -14.134896
  30800000      8.916745    -14.203047
  30900000      8.864328    -14.237680
  31000000      8.796618    -14.267707
  31100000      8.845290    -14.452792
  31200000      8.922213    -14.626704
  31300000      8.874394    -14.672202
  31400000      8.798247    -14.683806
  31500000      8.740431    -14.703887
  31600000      8.678141    -14.754146
  31700000      8.660533    -14.865766
  31800000      8.587328    -14.876047
  31900000      8.471907    -14.852383
  32000000      8.497623    -14.981961
  32100000      8.407626    -14.973795
  32200000      8.337305    -15.001639
  32300000      8.378107    -15.135745
  32400000      8.345712    -15.205936
  32500000      8.361717    -15.284300
  32600000      8.202214    -15.254833
  32700000      8.211229    -15.318108
  32800000      8.110692    -15.324090
  32900000      8.058260    -15.376187
  33000000      7.982509    -15.392530
  33100000      7.913125    -15.422494
  33200000      7.869054    -15.505228
  33300000      7.738201    -15.442935
  33400000      7.671386    -15.458473
  33500000      7.663427    -15.533530
  33600000      7.580037    -15.543514
  33700000      7.507851    -15.588486
  33800000      7.398583    -15.523638
  33900000      7.325477    -15.467244
  34000000      7.268456    -15.462037
  34100000      7.222502    -15.434969
  34200000      7.147520    -15.508037
  34300000      7.101936    -15.545139
  34400000      7.036453    -15.450340
  34500000      6.943743    -15.455585
  34600000      6.876806    -15.486238
  34700000      6.833899    -15.698588
  34800000      6.796668    -15.789792
  34900000      6.759981    -15.877478
  35000000      6.691861    -15.890968
  35100000      6.622669    -15.758641
  35200000      6.589426    -15.929131
  35300000      6.488576    -15.915352
  35400000      6.470385    -16.028356
  35500000      6.457434    -16.086550
  35600000      6.276176    -15.987484
  35700000      6.206500    -15.992312
  35800000      6.108349    -15.957260
  35900000      6.030293    -16.013384
  36000000      5.969752    -16.019997
  36100000      5.915003    -15.977768
  36200000      5.847265    -16.035317
  36300000      5.791528    -16.108711
  36400000      5.699342    -16.068601
  36500000      5.672021    -16.223329
  36600000      5.572281    -16.159172
  36700000      5.527035    -16.059508
  36800000      5.463697    -16.174539
  36900000      5.454626    -16.270300
  37000000      5.388041    -16.287212
  37100000      5.311005    -16.310977
  37200000      5.228445    -16.298311
  37300000      5.264276    -16.459137
  37400000      5.275617    -16.571048
  37500000      5.353335    -16.678083
  37600000      5.277867    -16.734013
  37700000      5.195056    -16.757608
  37800000      5.297658    -16.853908
  37900000      5.345121    -16.910335
  38000000      5.245204    -16.965138
  38100000      5.203211    -17.026398
  38200000      5.239974    -17.084334
  38300000      5.141830    -17.115149
  38400000      5.135962    -17.197536
  38500000      5.096910    -17.245154
  38600000      5.078001    -17.306233
  38700000      5.190683    -17.398450
  38800000      5.183596    -17.455712
  38900000      5.243080    -17.531515
  39000000      5.141874    -17.608627
  39100000      5.127329    -17.668462
  39200000      5.086804    -17.725229
  39300000      5.040235    -17.778166
  39400000      4.970624    -17.840612
  39500000      4.883033    -17.893816
  39600000      5.002069    -18.000912
  39700000      4.931413    -18.054772
  39800000      4.706633    -18.012162
  39900000      4.629165    -18.023628
  40000000      4.721296    -18.203128
  40100000      4.698912    -18.208034
  40200000      5.385352    -18.477006
  40300000      5.441342    -18.552942
  40400000      5.426923    -18.623285
  40500000      5.544563    -18.642618
  40600000      5.447731    -18.756947
  40700000      5.490790    -18.809676
  40800000      5.472700    -18.887586
  40900000      5.400615    -18.976999
  41000000      5.461233    -19.027830
  41100000      5.378724    -19.096675
  41200000      5.374778    -19.158949
  41300000      5.433740    -19.215749
  41400000      5.367223    -19.269613
  41500000      5.393245    -19.354010
  41600000      5.486604    -19.432741
  41700000      5.401474    -19.495819
  41800000      5.483842    -19.585253
  41900000      5.395825    -19.627763
  42000000      5.341147    -19.669929
  42100000      5.560776    -19.744859
  42200000      5.621255    -19.812746
  42300000      5.520893    -19.899878
  42400000      5.676277    -19.951097
  42500000      5.570680    -20.024383
  42600000      5.571138    -20.089803
  42700000      5.737553    -20.160392
  42800000      5.744946    -20.213990
  42900000      5.773725    -20.277028
  43000000      5.884236    -20.311872
  43100000      5.884639    -20.386522
  43200000      5.894238    -20.464689
  43300000      5.936418    -20.514530
  43400000      5.927627    -20.584021
  43500000      5.910106    -20.636959
  43600000      6.011212    -20.681799
  43700000      5.972826    -20.759883
  43800000      5.968640    -20.820191
  43900000      6.059519    -20.876137
  44000000      6.079212    -20.937976
  44100000      6.140061    -20.991269
  44200000      6.210711    -21.013563
  44300000      6.037014    -21.134272
  44400000      6.012756    -21.160332
  44500000      5.963797    -21.189421
  44600000      6.420308    -21.238840
  44700000      6.511465    -21.263795
  44800000      6.615789    -21.295854
  44900000      6.720638    -21.302144
  45000000      6.824203    -21.234732
  45100000      6.852914    -21.320020
  45200000      6.825364    -21.469627
  45300000      6.850005    -21.518718
  45400000      6.950676    -21.489550
  45500000      7.024724    -21.534037
  45600000      7.083707    -21.537722
  45700000      7.154552    -21.541038
  45800000      7.228681    -21.557710
  45900000      7.205662    -21.738689
  46000000      7.287348    -21.693827
  46100000      7.315427    -21.797036
  46200000      7.375171    -21.815586
  46300000      7.470262    -21.760413
  46400000      7.511479    -21.849218
  46500000      7.559312    -21.935270
  46600000      7.585095    -21.998232
  46700000      7.677792    -21.980707
  46800000      7.808515    -21.946651
  46900000      7.878187    -21.950146
  47000000      7.950407    -21.902217
  47100000      8.012486    -21.858883
  47200000      8.057806    -21.933838
  47300000      8.151215    -21.908398
  47400000      8.167607    -22.093998
  47500000      8.185455    -22.151694
  47600000      8.204803    -22.207583
  47700000      8.348440    -22.145439
  47800000      8.404495    -22.157422
  47900000      8.430490    -22.223419
  48000000      8.442538    -22.296359
  48100000      8.583490    -22.251783
  48200000      8.689409    -22.226696
  48300000      8.717693    -22.324691
  48400000      8.758633    -22.377659
  48500000      8.883236    -22.276170
  48600000      8.959229    -22.211146
  48700000      9.013873    -22.348480
  48800000      9.026226    -22.472621
  48900000      9.099129    -22.474568
  49000000      9.231850    -22.346644
  49100000      9.299776    -22.410477
  49200000      9.309400    -22.471004
  49300000      9.504788    -22.246570
  49400000      9.576551    -22.256153
  49500000      9.613114    -22.366841
  49600000      9.714576    -22.315048
  49700000      9.747199    -22.420213
  49800000      9.818234    -22.305498
  49900000      9.898188    -22.370787
  50000000      9.939710    -22.429294
