         0      3.000000      0.000000
    100000      3.057499     -0.017323
    200000      3.113461     -0.061737
    300000      3.177567      0.012805
    400000      3.250445      0.011665
    500000      3.312524      0.027452
    600000      3.356026      0.116499
    700000      3.447548      0.011282
    800000      3.502528      0.019113
    900000      3.579923      0.022799
   1000000      3.630132     -0.101409
   1100000      3.677883     -0.147585
   1200000      3.766024     -0.009225
   1300000      3.864023     -0.031694
   1400000      3.920791      0.012090
   1500000      3.988655     -0.073819
   1600000      4.030644      0.152463
   1700000      4.123348     -0.047145
   1800000      4.196657      0.000954
   1900000      4.272231      0.058243
   2000000      4.353794     -0.023550
   2100000      4.420056     -0.075471
   2200000      4.492996     -0.079687
   2300000      4.551665     -0.061185
   2400000      4.617277      0.035736
   2500000      4.678381     -0.068721
   2600000      4.706441     -0.118629
   2700000      4.730509     -0.290538
   2800000      4.794910     -0.296875
   2900000      4.766711     -0.423307
   3000000      4.851422     -0.432380
   3100000      4.962003     -0.330996
   3200000      5.033654     -0.327940
   3300000      5.104992     -0.321426
   3400000      5.176764     -0.288894
   3500000      5.245679     -0.347194
   3600000      5.309408     -0.382120
   3700000      5.372808     -0.427246
   3800000      5.396729     -0.569094
   3900000      5.464426     -0.528453
   4000000      5.442824     -0.765780
   4100000      5.536493     -0.746688
   4200000      5.627935     -0.727200
   4300000      5.742379     -0.643314
   4400000      5.711982     -0.893823
   4500000      5.662945     -1.048378
   4600000      5.781525     -1.035366
   4700000      5.833718     -1.094418
   4800000      5.819862     -1.199065
   4900000      5.928734     -1.191273
   5000000      5.970459     -1.232241
   5100000      6.157131     -1.103087
   5200000      6.237971     -1.052837
   5300000      6.312806     -0.972342
   5400000      6.374455     -1.045356
   5500000      6.435177     -1.113511
   5600000      6.469483     -1.193637
   5700000      6.544638     -1.167920
   5800000      6.594507     -1.261150
   5900000      6.652731     -1.271819
   6000000      6.711673     -1.314272
   6100000      6.756514     -1.402207
   6200000      6.866486     -1.286502
   6300000      6.906487     -1.409838
   6400000      7.019790     -1.311234
   6500000      7.025517     -1.439216
   6600000      7.061031     -1.483356
   6700000      7.193121     -1.446165
   6800000      7.237224     -1.505750
   6900000      7.213476     -1.650000
   7000000      7.310820     -1.644764
   7100000      7.413378     -1.561671
   7200000      7.365502     -1.791185
   7300000      7.324203     -1.895739
   7400000      7.418903     -1.902130
   7500000      7.457075     -1.961868
   7600000      7.520678     -2.007369
   7700000      7.525432     -2.060860
   7800000      7.609855     -2.087892
   7900000      7.644116     -2.128988
   8000000      7.668225     -2.178680
   8100000      7.724639     -2.166371
   8200000      7.749565     -2.304833
   8300000      7.803538     -2.365139
   8400000      7.821638     -2.434685
   8500000      7.785785     -2.539842
   8600000      7.780770     -2.633371
   8700000      7.852921     -2.681479
   8800000      7.951424     -2.714197
   8900000      7.930445     -2.804385
   9000000      7.844536     -2.924857
   9100000      8.038654     -2.961772
   9200000      8.014228     -3.032684
   9300000      8.114524     -3.058333
   9400000      8.083591     -3.140500
   9500000      8.048964     -3.217053
   9600000      8.120703     -3.269800
   9700000      8.159320     -3.318848
   9800000      8.013368     -3.430371
   9900000      8.130640     -3.497787
  10000000      8.083243     -3.592603
  10100000      8.115024     -3.663124
  10200000      8.149360     -3.719565
  10300000      8.094783     -3.783029
  10400000      7.998627     -3.799115
  10500000      8.055865     -3.889680
  10600000      8.167948     -3.965526
  10700000      7.922748     -4.001399
  10800000      8.045987     -4.070845
  10900000      8.257106     -4.166526
  11000000      8.235552     -4.245170
  11100000      8.339425     -4.277448
  11200000      8.331386     -4.359957
  11300000      8.546496     -4.407400
  11400000      8.548716     -4.474705
  11500000      8.561976     -4.531289
  11600000      8.573513     -4.584811
  11700000      8.603704     -4.645275
  11800000      8.679371     -4.714506
  11900000      8.426960     -4.801572
  12000000      8.440518     -4.873460
  12100000      8.557521     -4.969085
  12200000      8.591764     -5.026205
  12300000      8.735688     -5.072428
  12400000      8.835570     -5.100885
  12500000      8.837185     -5.164104
  12600000      8.868223     -5.206003
  12700000      8.970395     -5.215629
  12800000      9.011180     -5.266323
  12900000      9.124064     -5.246889
  13000000      9.107277     -5.372513
  13100000      9.011770     -5.494164
  13200000      9.079333     -5.542169
  13300000      9.325480     -5.475358
  13400000      9.277628     -5.602619
  13500000      9.376397     -5.577733
  13600000      9.437342     -5.603380
  13700000      9.425379     -5.729531
  13800000      9.582275     -5.699353
  13900000      9.578903     -5.811928
  14000000      9.578430     -5.865949
  14100000      9.780950     -5.802090
  14200000      9.790307     -5.866757
  14300000      9.830312     -5.921426
  14400000      9.854125     -5.989824
  14500000      9.869239     -6.067981
  14600000     10.054558     -6.000773
  14700000     10.156087     -5.994722
  14800000     10.199240     -6.047085
  14900000     10.317731     -5.993817
  15000000     10.369968     -6.064997
  15100000     10.475849     -6.011495
  15200000     10.492794     -6.135763
  15300000     10.465298     -6.241294
  15400000     10.581767     -6.201429
  15500000     10.715745     -6.098959
  15600000     10.783719     -6.075226
  15700000     10.824627     -6.167434
  15800000     10.913367     -6.079409
  15900000     11.003422     -6.071533
  16000000     11.029854     -6.245868
  16100000     11.092212     -6.265397
  16200000     11.153612     -6.237220
  16300000     11.180481     -6.393818
  16400000     11.169663     -6.526767
  16500000     11.222693     -6.540192
  16600000     11.300857     -6.549242
  16700000     11.446549     -6.464461
  16800000     11.458441     -6.595625
  16900000     11.514033     -6.651181
  17000000     11.668789     -6.508611
  17100000     11.754536     -6.430116
  17200000     11.828152     -6.529089
  17300000     11.913408     -6.472523
  17400000     11.981307     -6.372917
  17500000     12.057380     -6.346111
  17600000     12.080516     -6.479655
  17700000     12.152968     -6.498144
  17800000     12.247565     -6.408768
  17900000     12.310115     -6.442073
  18000000     12.380192     -6.437280
  18100000     12.439516     -6.406921
  18200000     12.502248     -6.380482
  18300000     12.581279     -6.392499
  18400000     12.629535     -6.350536
  18500000     12.655121     -6.785685
  18600000     12.749769     -6.840433
  18700000     12.769668     -6.957956
  18800000     12.826952     -6.984321
  18900000     12.829904     -7.066412
  19000000     12.875838     -7.109682
  19100000     12.964702     -7.113549
  19200000     13.065652     -7.046038
  19300000     13.121384     -7.109780
  19400000     13.165634     -7.189362
  19500000     13.266359     -7.147371
  19600000     13.333562     -7.151107
  19700000     13.399336     -7.150655
  19800000     13.460222     -7.120400
  19900000     13.512447     -7.135174
  20000000     13.595229     -7.126767
  20100000     13.677930     -7.166174
  20200000     13.773334     -7.131810
  20300000     13.841969     -7.127331
  20400000     13.908294     -7.125934
  20500000     13.978559     -7.136177
  20600000     14.063667     -7.205803
  20700000     14.120083     -7.250774
  20800000     14.177003     -7.268369
  20900000     14.270454     -7.213600
  21000000     14.333286     -7.230257
  21100000     14.358987     -7.425914
  21200000     14.389911     -7.478026
  21300000     14.509959     -7.264458
  21400000     14.567261     -7.412382
  21500000     14.642751     -7.522148
  21600000     14.690844     -7.598867
  21700000     14.751860     -7.609008
  21800000     14.823071     -7.579538
  21900000     14.889797     -7.588541
  22000000     14.942201     -7.559181
  22100000     15.018445     -7.503746
  22200000     15.077799     -7.520639
  22300000     15.141845     -7.564111
  22400000     15.214793     -7.545018
  22500000     15.265662     -7.538975
  22600000     15.342454     -7.701881
  22700000     15.369117     -7.752675
  22800000     15.481864     -7.630618
  22900000     15.531481     -7.572221
  23000000     15.573534     -7.486448
  23100000     15.708590     -7.693722
  23200000     15.774649     -7.660557
  23300000     15.847317     -7.547332
  23400000     15.930628     -7.507113
  23500000     15.975397     -7.448546
  23600000     16.048421     -7.474132
  23700000     16.091561     -7.386197
  23800000     16.166329     -7.347439
  23900000     16.229119     -7.303907
  24000000     16.290597     -7.264856
  24100000     16.344754     -7.240223
  24200000     16.405041     -7.218807
  24300000     16.410815     -7.064469
  24400000     16.438813     -7.029482
  24500000     16.506960     -6.981654
  24600000     16.562391     -6.946545
  24700000     16.611624     -6.917480
  24800000     16.505850     -6.737157
  24900000     16.544837     -6.654104
  25000000     16.587380     -6.603421
  25100000     16.532309     -6.503271
  25200000     16.657982     -6.506893
  25300000     16.794358     -6.522689
  25400000     16.827839     -6.457320
  25500000     16.770129     -6.329893
  25600000     16.780749     -6.275768
  25700000     16.883282     -6.225155
  25800000     16.957931     -6.182744
  25900000     17.039484     -6.169306
  26000000     17.078133     -6.107823
  26100000     17.045664     -6.003773
  26200000     17.075000     -5.938763
  26300000     17.067279     -5.873293
  26400000     17.100190     -5.826067
  26500000     17.102538     -5.766242
  26600000     17.125578     -5.720397
  26700000     17.200321     -5.672247
  26800000     17.414280     -5.716091
  26900000     17.364619     -5.611310
  27000000     17.311454     -5.546171
  27100000     17.314793     -5.485842
  27200000     17.297045     -5.392611
  27300000     17.355524     -5.336153
  27400000     17.409263     -5.286723
  27500000     17.443655     -5.238239
  27600000     17.630476     -5.246817
  27700000     17.767025     -5.330446
  27800000     17.623921     -5.065788
  27900000     17.662010     -5.010723
  28000000     17.692038     -4.957265
  28100000     17.729697     -4.886936
  28200000     17.654127     -4.799432
  28300000     17.780511     -4.770399
  28400000     17.763012     -4.685856
  28500000     17.744064     -4.612336
  28600000     17.706410     -4.565737
  28700000     17.704724     -4.522798
  28800000     17.762227     -4.456807
  28900000     17.741295     -4.400823
  29000000     17.764195     -4.302437
  29100000     17.804832     -4.215827
  29200000     17.813663     -4.162086
  29300000     17.848379     -4.125230
  29400000     17.858468     -4.073363
  29500000     17.624772     -4.037267
  29600000     17.613358     -3.988242
  29700000     17.630823     -3.919427
  29800000     17.540178     -3.858529
  29900000     17.724316     -3.698883
  30000000     17.800890     -3.619484
  30100000     17.683030     -3.563648
  30200000     17.558468     -3.566156
  30300000     17.766035     -3.433439
  30400000     17.612601     -3.408730
  30500000     17.600731     -3.342944
  30600000     17.722995     -3.233461
  30700000     17.584932     -3.202871
  30800000     17.618003     -3.135172
  30900000     17.654750     -3.053058
  31000000     17.644006     -2.986940
  31100000     17.502817     -2.973986
  31200000     17.516843     -2.887362
  31300000     17.578455     -2.789482
  31400000     17.621362     -2.735600
  31500000     17.511057     -2.679366
  31600000     17.310323     -2.737250
  31700000     17.514816     -2.507825
  31800000     17.582004     -2.434527
  31900000     17.549277     -2.367870
  32000000     17.548607     -2.276995
  32100000     17.624608     -2.200719
  32200000     17.677003     -2.084430
  32300000     17.537153     -2.056993
  32400000     17.673638     -1.968731
  32500000     17.656502     -1.888373
  32600000     17.707465     -1.827067
  32700000     17.791747     -1.771114
  32800000     17.935284     -1.799905
  32900000     17.978109     -1.750346
  33000000     17.981639     -1.673510
  33100000     18.049142     -1.639283
  33200000     17.961106     -1.490030
  33300000     18.001955     -1.443604
  33400000     18.005735     -1.372503
  33500000     18.074479     -1.366456
  33600000     18.044766     -1.229467
  33700000     18.094753     -1.193364
  33800000     18.170268     -1.150132
  33900000     18.250278     -1.122590
  34000000     18.368355     -1.157804
  34100000     18.408492     -1.079209
  34200000     18.457444     -1.056552
  34300000     18.438188     -0.936923
  34400000     18.473769     -0.860949
  34500000     18.391274     -0.699828
  34600000     18.476451     -0.685091
  34700000     18.498299     -0.615109
  34800000     18.551865     -0.546887
  34900000     18.607446     -0.517121
  35000000     18.709801     -0.537746
  35100000     18.683116     -0.396295
  35200000     18.743284     -0.391268
  35300000     18.810561     -0.365426
  35400000     18.824955     -0.292034
  35500000     18.896596     -0.259430
  35600000     18.944915     -0.235323
  35700000     18.851671     -0.057520
  35800000     18.791317      0.053732
  35900000     18.958731      0.039977
  36000000     18.974303      0.108861
  36100000     19.071896      0.094908
  36200000     18.903807      0.324544
  36300000     18.914610      0.388150
  36400000     19.158995      0.293135
  36500000     19.254664      0.318067
  36600000     19.217121      0.434196
  36700000     19.298371      0.471985
  36800000     19.427539      0.447168
  36900000     19.548892      0.411964
  37000000     19.556682      0.508686
  37100000     19.424239      0.727066
  37200000     19.530734      0.745164
  37300000     19.618514      0.764062
  37400000     19.594298      0.871549
  37500000     19.526864      0.972149
  37600000     19.563279      1.028398
  37700000     19.660465      1.061673
  37800000     19.759649      1.061159
  37900000     19.769863      1.141268
  38000000     19.811081      1.189522
  38100000     19.897597      1.210141
  38200000     19.959870      1.247763
  38300000     20.016607      1.309133
  38400000     20.034779      1.345205
  38500000     20.119794      1.386517
  38600000     20.331833      1.320909
  38700000     20.094826      1.568043
  38800000     20.271885      1.578077
  38900000     20.323133      1.625651
  39000000     20.326843      1.703276
  39100000     20.392822      1.737869
  39200000     20.433509      1.767873
  39300000     20.363220      1.903125
  39400000     20.285964      2.018973
  39500000     20.240923      2.092623
  39600000     20.325343      2.142289
  39700000     20.386299      2.194701
  39800000     20.309335      2.265473
  39900000     20.330394      2.320008
  40000000     20.221610      2.392091
  40100000     20.205475      2.447638
  40200000     20.067108      2.462558
  40300000     20.228301      2.581805
  40400000     20.193275      2.618599
  40500000     20.155626      2.668473
  40600000     20.144416      2.747591
  40700000     20.108682      2.810834
  40800000     20.071123      2.853126
  40900000     19.944887      2.860374
  41000000     19.893592      2.881837
  41100000     19.962691      3.030475
  41200000     19.966661      3.097584
  41300000     19.882387      3.116324
  41400000     19.797402      3.140649
  41500000     19.750709      3.185164
  41600000     19.659142      3.203390
  41700000     19.657106      3.293658
  41800000     19.622176      3.346630
  41900000     19.531961      3.350132
  42000000     19.436521      3.346575
  42100000     19.388874      3.378088
  42200000     19.301424      3.381813
  42300000     19.260500      3.435663
  42400000     19.169215      3.377516
  42500000     19.124160      3.486284
  42600000     19.124802      3.592591
  42700000     19.072527      3.595542
  42800000     18.977370      3.552657
  42900000     18.931568      3.611384
  43000000     18.815472      3.536995
  43100000     18.749277      3.451222
  43200000     18.677089      3.442843
  43300000     18.639467      3.604713
  43400000     18.582753      3.613550
  43500000     18.492869      3.555260
  43600000     18.439805      3.377157
  43700000     18.373147      3.382782
  43800000     18.309023      3.503998
  43900000     18.235984      3.283611
  44000000     18.165169      3.312097
  44100000     18.124402      3.222318
  44200000     18.045427      3.240316
  44300000     17.995687      3.201894
  44400000     17.916466      3.181239
  44500000     17.901540      3.054205
  44600000     17.773003      3.328043
  44700000     17.700426      3.306608
  44800000     17.644389      3.343884
  44900000     17.571748      3.345952
  45000000     17.511513      3.378927
  45100000     17.506075      3.457275
  45200000     17.399086      3.388225
  45300000     17.289917      3.305108
  45400000     17.214310      3.289889
  45500000     17.145946      3.301188
  45600000     17.080514      3.309827
  45700000     17.037877      3.323449
  45800000     16.980528      3.377056
  45900000     16.964177      3.516710
  46000000     16.870849      3.497909
  46100000     16.824770      3.528835
  46200000     16.736865      3.448412
  46300000     16.706590      3.579570
  46400000     16.688796      3.664123
  46500000     16.622190      3.685363
  46600000     16.546224      3.699072
  46700000     16.591632      3.860721
  46800000     16.529927      3.889994
  46900000     16.609252      3.999040
  47000000     16.470892      3.998770
  47100000     16.419841      4.043331
  47200000     16.405559      4.103449
  47300000     16.327255      4.097459
  47400000     16.224475      4.110136
  47500000     16.310124      4.272047
  47600000     16.305513      4.335266
  47700000     16.089725      4.268114
  47800000     16.036204      4.307219
  47900000     15.950301      4.298203
  48000000     15.899720      4.344543
  48100000     15.857978      4.406512
  48200000     15.776805      4.340129
  48300000     15.794155      4.517901
  48400000     15.729646      4.534671
  48500000     15.711574      4.612550
  48600000     15.631702      4.583744
  48700000     15.537135      4.527986
  48800000     15.471715      4.525344
  48900000     15.401535      4.502042
  49000000     15.384414      4.615142
  49100000     15.303263      4.604013
  49200000     15.297233      4.781456
  49300000     15.282746      4.918372
  49400000     15.217039      4.940424
  49500000     15.208087      5.011636
  49600000     15.120241      5.026368
  49700000     15.072929      5.050402
  49800000     14.924708      4.952501
  49900000     14.881509      4.995071
  50000000     14.773529      4.924628
