         0      3.000000      0.000000
    100000      3.035133     -0.096963
    200000      3.083244     -0.129554
    300000      3.081902     -0.214738
    400000      3.172087     -0.203967
    500000      3.224874     -0.218575
    600000      3.359379     -0.160406
    700000      3.361793     -0.243856
    800000      3.438758     -0.264144
    900000      3.517617     -0.263705
   1000000      3.572682     -0.289005
   1100000      3.610298     -0.344279
   1200000      3.622482     -0.435082
   1300000      3.658285     -0.508395
   1400000      3.736349     -0.526075
   1500000      3.909040     -0.426114
   1600000      4.067739     -0.257865
   1700000      4.128900     -0.229748
   1800000      4.202307     -0.173577
   1900000      4.254694     -0.079474
   2000000      4.318075     -0.458139
   2100000      4.410948     -0.433112
   2200000      4.374608     -0.614659
   2300000      4.433809     -0.642451
   2400000      4.500507     -0.664573
   2500000      4.411562     -0.876450
   2600000      4.495990     -0.883559
   2700000      4.546603     -0.921982
   2800000      4.592549     -0.989995
   2900000      4.664000     -1.004241
   3000000      4.718794     -1.058886
   3100000      4.766547     -1.097230
   3200000      4.854474     -1.097531
   3300000      4.939207     -1.116477
   3400000      4.893879     -1.240750
   3500000      5.029289     -1.218808
   3600000      5.209103     -1.094301
   3700000      5.247187     -1.161067
   3800000      5.273796     -1.213968
   3900000      5.329819     -1.271974
   4000000      5.337390     -1.362895
   4100000      5.371598     -1.416998
   4200000      5.453187     -1.442485
   4300000      5.506916     -1.444023
   4400000      5.524012     -1.547019
   4500000      5.510371     -1.619422
   4600000      5.765769     -1.517022
   4700000      5.855774     -1.478060
   4800000      5.944808     -1.426734
   4900000      5.767520     -1.768937
   5000000      5.668058     -1.889166
   5100000      5.702257     -1.945069
   5200000      5.717302     -2.006426
   5300000      5.797043     -2.082766
   5400000      5.698642     -2.204708
   5500000      5.639431     -2.284171
   5600000      5.786859     -2.338491
   5700000      5.840970     -2.396342
   5800000      5.955358     -2.371376
   5900000      5.989122     -2.430790
   6000000      5.994146     -2.545525
   6100000      5.976824     -2.623398
   6200000      5.901658     -2.734304
   6300000      6.135371     -2.667239
   6400000      6.121993     -2.776329
   6500000      6.147181     -2.827584
   6600000      6.043104     -2.980741
   6700000      5.961034     -3.060438
   6800000      6.180533     -3.085494
   6900000      6.081863     -3.197237
   7000000      6.178100     -3.261497
   7100000      6.097082     -3.347144
   7200000      6.034146     -3.418058
   7300000      6.016533     -3.495406
   7400000      6.009772     -3.557340
   7500000      5.986263     -3.606096
   7600000      5.831442     -3.644030
   7700000      5.935085     -3.761276
   7800000      5.967416     -3.839345
   7900000      5.958432     -3.903948
   8000000      5.997607     -3.976746
   8100000      6.016183     -4.052713
   8200000      5.978443     -4.116363
   8300000      5.985703     -4.175761
   8400000      6.016594     -4.274118
   8500000      5.953759     -4.323724
   8600000      6.312524     -4.325442
   8700000      6.228675     -4.424750
   8800000      6.277211     -4.487803
   8900000      6.396555     -4.532772
   9000000      6.328615     -4.624073
   9100000      6.408946     -4.655564
   9200000      6.397852     -4.727235
   9300000      6.266547     -4.787757
   9400000      6.282512     -4.885862
   9500000      6.300369     -4.956742
   9600000      6.464545     -4.989707
   9700000      6.274467     -5.130938
   9800000      6.292506     -5.199679
   9900000      6.278398     -5.267130
  10000000      6.285392     -5.319508
  10100000      6.280049     -5.390093
  10200000      6.183210     -5.469167
  10300000      6.154299     -5.512779
  10400000      6.410340     -5.622705
  10500000      6.414999     -5.696561
  10600000      6.395461     -5.770038
  10700000      6.446722     -5.834186
  10800000      6.396379     -5.899101
  10900000      6.470595     -5.960315
  11000000      6.372434     -5.989617
  11100000      6.605578     -6.053862
  11200000      6.631148     -6.119379
  11300000      6.689757     -6.161206
  11400000      6.803861     -6.198287
  11500000      6.973037     -6.112292
  11600000      6.983278     -6.188592
  11700000      7.049598     -6.208492
  11800000      7.065036     -6.306008
  11900000      7.062565     -6.425264
  12000000      7.128280     -6.428452
  12100000      7.193473     -6.452302
  12200000      7.279481     -6.447551
  12300000      7.214446     -6.674817
  12400000      7.267402     -6.705116
  12500000      7.251872     -6.789599
  12600000      7.321409     -6.808773
  12700000      7.355723     -6.876112
  12800000      7.411098     -6.896833
  12900000      7.281885     -7.057979
  13000000      7.267500     -7.107877
  13100000      7.278173     -7.166153
  13200000      7.311234     -7.223103
  13300000      7.323862     -7.285006
  13400000      7.369975     -7.357173
  13500000      7.345736     -7.410522
  13600000      7.480078     -7.480009
  13700000      7.463160     -7.550623
  13800000      7.478585     -7.610482
  13900000      7.461011     -7.682903
  14000000      7.502567     -7.734266
  14100000      7.457684     -7.829268
  14200000      7.456781     -7.912713
  14300000      7.360802     -7.967723
  14400000      7.473830     -8.034901
  14500000      7.487643     -8.097082
  14600000      7.474912     -8.153174
  14700000      7.466140     -8.223369
  14800000      7.371352     -8.272439
  14900000      7.505436     -8.330508
  15000000      7.631681     -8.373604
  15100000      7.693281     -8.422599
  15200000      7.835230     -8.418927
  15300000      7.916991     -8.364556
  15400000      7.925371     -8.513927
  15500000      7.923223     -8.636400
  15600000      7.980732     -8.664901
  15700000      7.986178     -8.750033
  15800000      8.059645     -8.796222
  15900000      8.169086     -8.822307
  16000000      8.234411     -8.814102
  16100000      8.203485     -8.934835
  16200000      8.279438     -8.975981
  16300000      8.440228     -8.873506
  16400000      8.496540     -8.915971
  16500000      8.552213     -8.920629
  16600000      8.519412     -9.052868
  16700000      8.511278     -9.118117
  16800000      8.724057     -9.030002
  16900000      8.798141     -9.016785
  17000000      8.858881     -9.031503
  17100000      8.890776     -9.092530
  17200000      9.071856     -8.709233
  17300000      9.131657     -8.574915
  17400000      9.213144     -8.556125
  17500000      9.289262     -8.686125
  17600000      9.373919     -8.641872
  17700000      9.367323     -8.876560
  17800000      9.502584     -8.842101
  17900000      9.529876     -8.987605
  18000000      9.604293     -9.015840
  18100000      9.638241     -9.102790
  18200000      9.600643     -9.259243
  18300000      9.600461     -9.326896
  18400000      9.698625     -9.357353
  18500000      9.867066     -9.287261
  18600000      9.930418     -9.309765
  18700000      9.999726     -9.333794
  18800000     10.100024     -9.272383
  18900000     10.164010     -9.312755
  19000000     10.197318     -9.367396
  19100000     10.268985     -9.348555
  19200000     10.364868     -9.286777
  19300000     10.397700     -9.448321
  19400000     10.458117     -9.461837
  19500000     10.572768     -9.340148
  19600000     10.646144     -9.366419
  19700000     10.703088     -9.345679
  19800000     10.789086     -9.213297
  19900000     10.840857     -9.200269
  20000000     10.904825     -9.193716
  20100000     10.975697     -9.086954
  20200000     11.016969     -9.057069
  20300000     11.116684     -9.274653
  20400000     11.168500     -9.298844
  20500000     11.263317     -9.134235
  20600000     11.324492     -9.098857
  20700000     11.401626     -9.172225
  20800000     11.468223     -9.242574
  20900000     11.513615     -9.330937
  21000000     11.623418     -9.246557
  21100000     11.671242     -9.324893
  21200000     11.761706     -9.145318
  21300000     11.822448     -9.113563
  21400000     11.897750     -9.200419
  21500000     11.968956     -9.238544
  21600000     12.014916     -9.240226
  21700000     12.096360     -9.369746
  21800000     12.090194     -9.603267
  21900000     12.176391     -9.581584
  22000000     12.230643     -9.606414
  22100000     12.300904     -9.619762
  22200000     12.340633     -9.677584
  22300000     12.413495     -9.665012
  22400000     12.305204     -9.913694
  22500000     12.347177     -9.954418
  22600000     12.456442     -9.965367
  22700000     12.450707    -10.052279
  22800000     12.429179    -10.137728
  22900000     12.545900    -10.164433
  23000000     12.608845    -10.206267
  23100000     12.582648    -10.272415
  23200000     12.608655    -10.312982
  23300000     12.643394    -10.397101
  23400000     12.693252    -10.419661
  23500000     12.726040    -10.469147
  23600000     12.662741    -10.567909
  23700000     12.873170    -10.524221
  23800000     12.854636    -10.606077
  23900000     12.963903    -10.582166
  24000000     12.940650    -10.689220
  24100000     12.904087    -10.824694
  24200000     12.888927    -10.925630
  24300000     12.919048    -10.979706
  24400000     12.491010    -11.185882
  24500000     12.432963    -11.281878
  24600000     12.490761    -11.337992
  24700000     12.499028    -11.392544
  24800000     12.492524    -11.471877
  24900000     12.484229    -11.538108
  25000000     12.433536    -11.602882
  25100000     12.358763    -11.666042
  25200000     12.301631    -11.718486
  25300000     12.206181    -11.762991
  25400000     12.111157    -11.784258
  25500000     12.036663    -11.816228
  25600000     11.985465    -11.870153
  25700000     12.044705    -11.955037
  25800000     12.049713    -12.035414
  25900000     12.049690    -12.116261
  26000000     12.022860    -12.180282
  26100000     11.978098    -12.236097
  26200000     11.969324    -12.276990
  26300000     12.081494    -12.427575
  26400000     11.967840    -12.469137
  26500000     11.926894    -12.515517
  26600000     11.523730    -12.396894
  26700000     11.411659    -12.362986
  26800000     11.351472    -12.387124
  26900000     11.274234    -12.343749
  27000000     11.279797    -12.535304
  27100000     11.189489    -12.503077
  27200000     11.131412    -12.534904
  27300000     11.044682    -12.527888
  27400000     11.050059    -12.704565
  27500000     10.952099    -12.587738
  27600000     10.886203    -12.642278
  27700000     10.840354    -12.717695
  27800000     10.758951    -12.676017
  27900000     10.723293    -12.678887
  28000000     10.631639    -12.724675
  28100000     10.578342    -12.874384
  28200000     10.573049    -12.991019
  28300000     10.480835    -12.907537
  28400000     10.430445    -12.908521
  28500000     10.351225    -12.898545
  28600000     10.296081    -12.965205
  28700000     10.232909    -12.858441
  28800000     10.160576    -12.904673
  28900000     10.096786    -12.917265
  29000000     10.035183    -13.022825
  29100000      9.959925    -13.003564
  29200000      9.904381    -12.903459
  29300000      9.828389    -12.882181
  29400000      9.778327    -13.004146
  29500000      9.704171    -13.011486
  29600000      9.673577    -13.111158
  29700000      9.561609    -13.129061
  29800000      9.498005    -13.134862
  29900000      9.457635    -13.218468
  30000000      9.428359    -13.274424
  30100000      9.350755    -13.297818
  30200000      9.279451    -13.308912
  30300000      9.194598    -13.329280
  30400000      9.124585    -13.337615
  30500000      9.036445    -13.273775
  30600000      9.032926    -13.423802
  30700000      8.987921    -13.482235
  30800000      9.001902    -13.599094
  30900000      8.946669    -13.635728
  31000000      8.888983    -13.653226
  31100000      8.926108    -13.740233
  31200000      8.861603    -13.775560
  31300000      8.688771    -13.748052
  31400000      8.628727    -13.772712
  31500000      8.619909    -13.875544
  31600000      8.620596    -13.961280
  31700000      8.477265    -13.921453
  31800000      8.448859    -13.978035
  31900000      8.426295    -14.048405
  32000000      8.435698    -14.117901
  32100000      8.253216    -14.034757
  32200000      8.227625    -14.108853
  32300000      8.230147    -14.235790
  32400000      8.282822    -14.366396
  32500000      8.255638    -14.406909
  32600000      8.232779    -14.473295
  32700000      8.257830    -14.552304
  32800000      8.029906    -14.506023
  32900000      7.985126    -14.571114
  33000000      8.302789    -14.813778
  33100000      8.491901    -14.951409
  33200000      8.356331    -14.993433
  33300000      8.363423    -15.062378
  33400000      8.464246    -15.156451
  33500000      8.687310    -15.209991
  33600000      8.496368    -15.324402
  33700000      8.454730    -15.372422
  33800000      8.415571    -15.419449
  33900000      8.448940    -15.486543
  34000000      8.679781    -15.580126
  34100000      8.774592    -15.620269
  34200000      8.727079    -15.684258
  34300000      8.745542    -15.754950
  34400000      8.711342    -15.837190
  34500000      8.843006    -15.856845
  34600000      8.824433    -15.938440
  34700000      8.883966    -16.026941
  34800000      8.887132    -16.078035
  34900000      8.928488    -16.174944
  35000000      8.898220    -16.254272
  35100000      9.020572    -16.257690
  35200000      8.929742    -16.396871
  35300000      8.971614    -16.443074
  35400000      9.006159    -16.496389
  35500000      8.924759    -16.612251
  35600000      8.903620    -16.675068
  35700000      8.917640    -16.739632
  35800000      9.016551    -16.792957
  35900000      8.994223    -16.858698
  36000000      8.868611    -16.953834
  36100000      8.997297    -17.010298
  36200000      9.100424    -17.045694
  36300000      9.144717    -17.095878
  36400000      9.128609    -17.181777
  36500000      9.148140    -17.242620
  36600000      8.960545    -17.363703
  36700000      8.905671    -17.435490
  36800000      8.765803    -17.507554
  36900000      8.757096    -17.562302
  37000000      8.693201    -17.582978
  37100000      8.663845    -17.620857
  37200000      8.644184    -17.673147
  37300000      8.699488    -17.767984
  37400000      8.633676    -17.860367
  37500000      8.611940    -17.924636
  37600000      8.595018    -17.982476
  37700000      8.628297    -18.034232
  37800000      8.447332    -18.046671
  37900000      8.525860    -18.164946
  38000000      8.567042    -18.242501
  38100000      8.615234    -18.313231
  38200000      8.389598    -18.337645
  38300000      8.451575    -18.422350
  38400000      8.293354    -18.456217
  38500000      8.325280    -18.535813
  38600000      8.217772    -18.565764
  38700000      8.094972    -18.584831
  38800000      8.130994    -18.679347
  38900000      8.122201    -18.761163
  39000000      8.066924    -18.782664
  39100000      8.100518    -18.882653
  39200000      8.173039    -18.957294
  39300000      7.998433    -18.994734
  39400000      7.968719    -19.041248
  39500000      7.866613    -19.064365
  39600000      7.863275    -19.151002
  39700000      7.787735    -19.175018
  39800000      7.689206    -19.202229
  39900000      7.607405    -19.215158
  40000000      7.604198    -19.289383
  40100000      7.595076    -19.359667
  40200000      7.679296    -19.462562
  40300000      7.643192    -19.514242
  40400000      7.649706    -19.583269
  40500000      7.557220    -19.613743
  40600000      7.587248    -19.701422
  40700000      7.567255    -19.786899
  40800000      7.457422    -19.817667
  40900000      7.483811    -19.886223
  41000000      7.413497    -19.936232
  41100000      7.349516    -19.982976
  41200000      7.447906    -20.094047
  41300000      7.292079    -20.117943
  41400000      7.301557    -20.179022
  41500000      7.258023    -20.256540
  41600000      7.172624    -20.273739
  41700000      7.140965    -20.348062
  41800000      7.049097    -20.376213
  41900000      7.263274    -20.552643
  42000000      7.069399    -20.533378
  42100000      6.915198    -20.523543
  42200000      7.013476    -20.700014
  42300000      7.038369    -20.770628
  42400000      7.057110    -20.848609
  42500000      7.121772    -20.897157
  42600000      7.012334    -20.951003
  42700000      6.761539    -20.891656
  42800000      6.799976    -21.001070
  42900000      6.800049    -21.099133
  43000000      6.745916    -21.161231
  43100000      6.867069    -21.279123
  43200000      6.915360    -21.363189
  43300000      6.898702    -21.432216
  43400000      6.762431    -21.448318
  43500000      6.838145    -21.550989
  43600000      6.813363    -21.623067
  43700000      6.807336    -21.693477
  43800000      6.820925    -21.765518
  43900000      6.852444    -21.847277
  44000000      6.886084    -21.915725
  44100000      6.860317    -21.994357
  44200000      6.772906    -22.041478
  44300000      6.750768    -22.079126
  44400000      6.613816    -22.083807
  44500000      6.631959    -22.186942
  44600000      6.598154    -22.233619
  44700000      6.638614    -22.317441
  44800000      6.569252    -22.353716
  44900000      6.633450    -22.450738
  45000000      6.614900    -22.524109
  45100000      6.689604    -22.588989
  45200000      6.709797    -22.657614
  45300000      6.708963    -22.720783
  45400000      6.742667    -22.791817
  45500000      6.685612    -22.867363
  45600000      6.910351    -22.905559
  45700000      6.929621    -22.977599
  45800000      6.847904    -23.063733
  45900000      6.915390    -23.116858
  46000000      6.927362    -23.181235
  46100000      6.974342    -23.195215
  46200000      6.771139    -23.346501
  46300000      6.965388    -23.400504
  46400000      7.100534    -23.392261
  46500000      7.110256    -23.450829
  46600000      7.048295    -23.550959
  46700000      7.209680    -23.520774
  46800000      7.172404    -23.629471
  46900000      7.207264    -23.689547
  47000000      6.914034    -23.868189
  47100000      6.982899    -23.914966
  47200000      6.854578    -24.015429
  47300000      6.866076    -24.081769
  47400000      6.902700    -24.133917
  47500000      6.964646    -24.186068
  47600000      6.962293    -24.251006
  47700000      6.652858    -24.301740
  47800000      6.640728    -24.344155
  47900000      6.624191    -24.416516
  48000000      6.602720    -24.479248
  48100000      6.477827    -24.513634
  48200000      6.367738    -24.505656
  48300000      6.508330    -24.649699
  48400000      6.340122    -24.616874
  48500000      6.266620    -24.623681
  48600000      6.353926    -24.787460
  48700000      6.280678    -24.827849
  48800000      6.275207    -24.889854
  48900000      6.158470    -24.896669
  49000000      6.180399    -24.980589
  49100000      6.078149    -25.012177
  49200000      6.050825    -25.066753
  49300000      6.011904    -25.120896
  49400000      6.002776    -25.176290
  49500000      5.891426    -25.175021
  49600000      5.988081    -25.320722
  49700000      5.905332    -25.376410
  49800000      5.842922    -25.445884
  49900000      5.722374    -25.449515
  50000000      5.690989    -25.503141
