         0      3.000000      0.000000
    100000      3.052120      0.092798
    200000      3.108122      0.123038
    300000      3.172503      0.116470
    400000      3.261182     -0.066663
    500000      3.337640     -0.003765
    600000      3.397920     -0.035437
    700000      3.440504      0.077918
    800000      3.503839      0.161924
    900000      3.562156      0.139183
   1000000      3.519833      0.386939
   1100000      3.579953      0.426111
   1200000      3.564683      0.533163
   1300000      3.693578      0.472897
   1400000      3.755178      0.550527
   1500000      3.817902      0.548896
   1600000      3.960649      0.380081
   1700000      3.966316      0.570940
   1800000      4.096243      0.388472
   1900000      4.143383      0.512823
   2000000      4.224536      0.487725
   2100000      4.261117      0.567917
   2200000      4.347248      0.593531
   2300000      4.345964      0.762980
   2400000      4.382199      0.820975
   2500000      4.425108      0.815444
   2600000      4.636329      0.626735
   2700000      4.669798      0.722883
   2800000      4.735885      0.759165
   2900000      4.745229      0.887009
   3000000      4.746046      1.005439
   3100000      4.791283      1.060204
   3200000      4.906527      1.049620
   3300000      4.873067      1.153081
   3400000      4.937254      1.198032
   3500000      4.902160      1.295606
   3600000      4.952129      1.329212
   3700000      5.055977      1.331871
   3800000      4.999279      1.465031
   3900000      4.944168      1.567892
   4000000      4.885564      1.644539
   4100000      4.761483      1.707425
   4200000      4.724480      1.783544
   4300000      4.705298      1.841096
   4400000      4.715422      1.910153
   4500000      4.722321      1.970680
   4600000      4.563023      1.999424
   4700000      4.647946      2.099570
   4800000      4.583103      2.147050
   4900000      4.483614      2.180281
   5000000      4.488728      2.258027
   5100000      4.382669      2.235520
   5200000      4.463099      2.391664
   5300000      4.370899      2.366933
   5400000      4.369983      2.465992
   5500000      4.400845      2.572628
   5600000      4.421970      2.663326
   5700000      4.288809      2.656238
   5800000      4.270162      2.688402
   5900000      4.193418      2.683863
   6000000      4.210458      2.843392
   6100000      4.335105      3.015929
   6200000      4.231146      3.047097
   6300000      4.218609      3.068687
   6400000      4.411686      3.289380
   6500000      4.424873      3.348401
   6600000      4.370690      3.409617
   6700000      4.341138      3.478096
   6800000      4.277432      3.528070
   6900000      4.422750      3.588087
   7000000      4.408227      3.674635
   7100000      4.334195      3.749467
   7200000      4.343381      3.791515
   7300000      4.142838      3.781836
   7400000      4.104243      3.830377
   7500000      4.153359      3.922476
   7600000      4.025198      3.905506
   7700000      3.898553      3.879530
   7800000      3.864359      3.954594
   7900000      3.812048      4.008018
   8000000      3.787320      4.082632
   8100000      3.842215      4.229333
   8200000      3.891214      4.355805
   8300000      3.845817      4.410040
   8400000      3.787360      4.450370
   8500000      3.948332      4.613108
   8600000      3.819583      4.635497
   8700000      3.773235      4.665621
   8800000      3.913228      4.818779
   8900000      3.887875      4.874024
   9000000      3.916373      4.935741
   9100000      3.792656      4.953905
   9200000      3.684117      4.955130
   9300000      3.652847      5.012885
   9400000      3.593811      5.024093
   9500000      3.551896      5.061851
   9600000      3.542223      5.169445
   9700000      3.514402      5.217828
   9800000      3.406855      5.234544
   9900000      3.309087      5.229269
  10000000      3.330448      5.346637
  10100000      3.327543      5.406980
  10200000      3.179181      5.382992
  10300000      3.081743      5.338822
  10400000      3.024771      5.411599
  10500000      3.064215      5.571240
  10600000      2.984345      5.589872
  10700000      2.909964      5.570448
  10800000      2.832588      5.585231
  10900000      2.793953      5.674202
  11000000      2.634105      5.513755
  11100000      2.578125      5.558148
  11200000      2.515505      5.646844
  11300000      2.565491      5.899460
  11400000      2.498079      5.925941
  11500000      2.463473      5.993178
  11600000      2.461294      6.106707
  11700000      2.355767      6.084176
  11800000      2.374257      6.207746
  11900000      2.341272      6.269545
  12000000      2.350277      6.362899
  12100000      2.137477      6.260357
  12200000      2.014586      6.177607
  12300000      2.044598      6.319569
  12400000      1.887856      6.237707
  12500000      1.881447      6.338666
  12600000      1.886591      6.419093
  12700000      1.777294      6.445798
  12800000      1.733714      6.499528
  12900000      1.678005      6.537258
  13000000      1.691352      6.612818
  13100000      1.487758      6.463982
  13200000      1.426193      6.522408
  13300000      1.380514      6.557953
  13400000      1.305783      6.564943
  13500000      1.266780      6.619743
  13600000      1.150004      6.407956
  13700000      1.075361      6.427225
  13800000      1.027464      6.584405
  13900000      0.949520      6.449114
  14000000      0.862182      6.478159
  14100000      0.825269      6.615861
  14200000      0.738618      6.584378
  14300000      0.678083      6.637316
  14400000      0.606649      6.660010
  14500000      0.551922      6.644398
  14600000      0.564554      6.891643
  14700000      0.394029      6.511399
  14800000      0.351138      6.479758
  14900000      0.261363      6.636322
  15000000      0.209210      6.644536
  15100000      0.106747      6.455310
  15200000      0.035327      6.494802
  15300000     -0.005013      6.584520
  15400000     -0.057336      6.596314
  15500000     -0.149269      6.443646
  15600000     -0.206585      6.527243
  15700000     -0.273983      6.506588
  15800000     -0.324392      6.654364
  15900000     -0.440878      6.560311
  16000000     -0.523897      6.484427
  16100000     -0.584309      6.473692
  16200000     -0.642281      6.527675
  16300000     -0.712530      6.539302
  16400000     -0.804512      6.432574
  16500000     -0.872317      6.409388
  16600000     -0.948329      6.435065
  16700000     -1.020823      6.423627
  16800000     -1.084237      6.463248
  16900000     -1.161919      6.516991
  17000000     -1.236215      6.458256
  17100000     -1.306307      6.457717
  17200000     -1.356162      6.513280
  17300000     -1.433796      6.399762
  17400000     -1.482581      6.424578
  17500000     -1.568363      6.362135
  17600000     -1.621923      6.145435
  17700000     -1.689965      6.237683
  17800000     -1.765775      6.366334
  17900000     -1.827568      6.393316
  18000000     -1.856150      6.492186
  18100000     -1.957539      6.458979
  18200000     -2.027577      6.426526
  18300000     -2.062020      6.577132
  18400000     -2.134968      6.487111
  18500000     -2.190414      6.669299
  18600000     -2.266343      6.595421
  18700000     -2.319315      6.580782
  18800000     -2.386508      6.524837
  18900000     -2.435000      6.470616
  19000000     -2.493056      6.442415
  19100000     -2.580385      6.465570
  19200000     -2.619675      6.406994
  19300000     -2.680569      6.389950
  19400000     -2.771853      6.574994
  19500000     -2.840591      6.584819
  19600000     -2.911946      6.517050
  19700000     -2.953949      6.367084
  19800000     -3.033234      6.410797
  19900000     -3.082332      6.333719
  20000000     -3.187119      6.501362
  20100000     -3.252310      6.575320
  20200000     -3.310163      6.457879
  20300000     -3.377338      6.475275
  20400000     -3.463989      6.560224
  20500000     -3.527427      6.581939
  20600000     -3.599227      6.551254
  20700000     -3.659357      6.509060
  20800000     -3.715901      6.534636
  20900000     -3.765735      6.588772
  21000000     -3.806005      6.611707
  21100000     -3.811874      6.082339
  21200000     -3.806325      5.994336
  21300000     -3.930825      6.023436
  21400000     -3.952011      5.920968
  21500000     -3.982907      5.832801
  21600000     -4.065503      5.815571
  21700000     -4.121337      5.785947
  21800000     -4.173912      5.722619
  21900000     -4.232453      5.694348
  22000000     -4.322386      5.719737
  22100000     -4.224656      5.491037
  22200000     -4.590520      5.987714
  22300000     -4.641297      5.985701
  22400000     -4.663469      5.803456
  22500000     -4.752005      5.961024
  22600000     -4.834077      5.934203
  22700000     -4.901416      5.866697
  22800000     -4.949506      5.704607
  22900000     -5.035362      5.742703
  23000000     -5.091968      5.801257
  23100000     -5.143627      5.652128
  23200000     -5.211770      5.639999
  23300000     -5.283659      5.675656
  23400000     -5.282651      5.453900
  23500000     -5.313867      5.394601
  23600000     -5.340631      5.333398
  23700000     -5.335301      5.262008
  23800000     -5.608200      5.499533
  23900000     -5.700318      5.536658
  24000000     -5.777157      5.587726
  24100000     -5.819995      5.568789
  24200000     -5.888800      5.512946
  24300000     -5.936288      5.395502
  24400000     -5.973952      5.355811
  24500000     -6.042953      5.382064
  24600000     -6.117746      5.354074
  24700000     -6.219277      5.443213
  24800000     -6.271955      5.431833
  24900000     -6.351869      5.344136
  25000000     -6.439205      5.367112
  25100000     -6.450119      5.188126
  25200000     -6.544798      5.517803
  25300000     -6.602167      5.360046
  25400000     -6.646917      5.264567
  25500000     -6.726587      5.403931
  25600000     -6.784058      5.537001
  25700000     -6.876802      5.384288
  25800000     -6.949734      5.394350
  25900000     -7.001573      5.324546
  26000000     -7.084610      5.482080
  26100000     -7.121143      5.537200
  26200000     -7.218243      5.355336
  26300000     -7.293289      5.326681
  26400000     -7.348487      5.292144
  26500000     -7.410401      5.281853
  26600000     -7.480741      5.367267
  26700000     -7.540160      5.411067
  26800000     -7.614135      5.379904
  26900000     -7.682390      5.382960
  27000000     -7.759913      5.243537
  27100000     -7.815839      5.154171
  27200000     -7.903242      5.289685
  27300000     -7.954786      5.116194
  27400000     -8.063716      5.207117
  27500000     -8.123910      5.270278
  27600000     -8.203576      5.303333
  27700000     -8.275747      5.284381
  27800000     -8.333255      5.281484
  27900000     -8.384230      5.239670
  28000000     -8.444364      5.260117
  28100000     -8.478476      5.113534
  28200000     -8.556502      5.089541
  28300000     -8.648496      5.152665
  28400000     -8.687360      5.035330
  28500000     -8.761113      5.127942
  28600000     -8.830274      5.120161
  28700000     -8.869900      5.005233
  28800000     -8.818581      4.693875
  28900000     -8.831156      4.581707
  29000000     -8.866547      4.539749
  29100000     -8.842917      4.429694
  29200000     -8.853944      4.357081
  29300000     -8.827205      4.269957
  29400000     -9.136152      4.448145
  29500000     -9.176983      4.341401
  29600000     -9.209830      4.263058
  29700000     -9.074796      4.055321
  29800000     -9.137255      4.022290
  29900000     -9.166049      3.979310
  30000000     -9.281718      3.960789
  30100000     -9.340481      3.946244
  30200000     -9.333423      3.836892
  30300000     -9.412854      3.858611
  30400000     -9.471481      3.875815
  30500000     -9.029220      3.432654
  30600000     -9.000412      3.377178
  30700000     -8.953516      3.321061
  30800000     -8.938298      3.225014
  30900000     -8.936394      3.147865
  31000000     -8.986354      3.080390
  31100000     -9.119314      3.034242
  31200000     -9.193638      2.979512
  31300000     -9.498809      3.044142
  31400000     -9.460605      2.915572
  31500000     -9.425356      2.821951
  31600000     -9.463310      2.778994
  31700000     -9.439250      2.697643
  31800000     -9.461643      2.638554
  31900000     -9.297431      2.548237
  32000000     -9.287126      2.462136
  32100000     -9.300592      2.413513
  32200000     -9.241703      2.362278
  32300000     -9.214364      2.296265
  32400000     -9.292911      2.214416
  32500000     -9.349457      2.155400
  32600000     -9.363088      2.073643
  32700000     -9.204480      2.003473
  32800000     -9.212927      1.926361
  32900000     -9.216216      1.870998
  33000000     -9.224916      1.809109
  33100000     -9.211033      1.757909
  33200000     -9.414187      1.720115
  33300000     -9.357067      1.634785
  33400000     -9.280213      1.569932
  33500000     -9.264778      1.517723
  33600000     -9.285734      1.451048
  33700000     -9.343660      1.389342
  33800000     -9.398492      1.325785
  33900000     -9.383080      1.248539
  34000000     -9.397164      1.175386
  34100000     -9.441612      1.102622
  34200000     -9.632114      1.054233
  34300000     -9.598040      0.987512
  34400000     -9.663831      0.933204
  34500000     -9.734778      0.887894
  34600000     -9.777108      0.815491
  34700000     -9.882303      0.795297
  34800000     -9.805878      0.675706
  34900000     -9.795803      0.596673
  35000000     -9.855503      0.544640
  35100000     -9.795678      0.439264
  35200000     -9.805206      0.381311
  35300000     -9.789481      0.321736
  35400000     -9.851017      0.259741
  35500000     -9.940756      0.211198
  35600000     -9.895723      0.130645
  35700000     -9.745845      0.077755
  35800000     -9.760893      0.019613
  35900000     -9.728888     -0.052004
  36000000     -9.757056     -0.129404
  36100000     -9.594112     -0.178548
  36200000     -9.595749     -0.240879
  36300000     -9.565610     -0.297638
  36400000     -9.514000     -0.351664
  36500000     -9.432867     -0.409781
  36600000     -9.346024     -0.460609
  36700000     -9.359927     -0.528337
  36800000     -9.462090     -0.610718
  36900000     -9.323117     -0.663244
  37000000     -9.333675     -0.736863
  37100000     -9.208019     -0.724602
  37200000     -9.314679     -0.884278
  37300000     -9.345050     -0.953117
  37400000     -9.328965     -1.026914
  37500000     -9.347722     -1.079901
  37600000     -9.255803     -1.168483
  37700000     -9.268160     -1.233712
  37800000     -9.212750     -1.278849
  37900000     -9.351969     -1.334748
  38000000     -9.249569     -1.430424
  38100000     -9.266986     -1.500099
  38200000     -9.301480     -1.555837
  38300000     -9.343435     -1.617123
  38400000     -9.322746     -1.679359
  38500000     -9.385939     -1.740397
  38600000     -9.413665     -1.775781
  38700000     -9.450996     -1.841809
  38800000     -9.116441     -1.965322
  38900000     -8.956724     -2.001563
  39000000     -8.866370     -2.043438
  39100000     -8.899341     -2.122078
  39200000     -8.936438     -2.210667
  39300000     -8.879344     -2.271772
  39400000     -8.996168     -2.366386
  39500000     -8.841993     -2.395475
  39600000     -8.978032     -2.478873
  39700000     -8.913784     -2.528768
  39800000     -8.830622     -2.577328
  39900000     -8.822220     -2.641506
  40000000     -8.763546     -2.671855
  40100000     -8.725581     -2.724929
  40200000     -8.700183     -2.784072
  40300000     -8.664577     -2.834254
  40400000     -8.689722     -2.921096
  40500000     -8.708229     -2.983654
  40600000     -8.759403     -3.056867
  40700000     -8.702490     -3.118179
  40800000     -8.695087     -3.177569
  40900000     -8.733566     -3.252682
  41000000     -8.710305     -3.342968
  41100000     -8.832410     -3.372045
  41200000     -8.672820     -3.499055
  41300000     -8.479450     -3.527705
  41400000     -8.432811     -3.582776
  41500000     -8.433012     -3.646140
  41600000     -8.442715     -3.740899
  41700000     -8.373595     -3.770882
  41800000     -8.556780     -3.906601
  41900000     -8.467135     -3.952700
  42000000     -8.547267     -4.042768
  42100000     -8.455775     -4.080070
  42200000     -8.505908     -4.158558
  42300000     -8.581705     -4.266225
  42400000     -8.486589     -4.323738
  42500000     -8.403731     -4.350906
  42600000     -8.286582     -4.387989
  42700000     -8.436610     -4.484738
  42800000     -8.483618     -4.592665
  42900000     -8.341487     -4.611825
  43000000     -8.305672     -4.673467
  43100000     -8.460265     -4.763654
  43200000     -8.521415     -4.817560
  43300000     -8.475571     -4.884678
  43400000     -8.542479     -4.931087
  43500000     -8.383847     -5.014243
  43600000     -8.410748     -5.084471
  43700000     -8.245586     -5.142631
  43800000     -8.244104     -5.206280
  43900000     -8.205080     -5.256765
  44000000     -8.266036     -5.356598
  44100000     -8.260665     -5.428904
  44200000     -8.220167     -5.462643
  44300000     -8.071040     -5.477277
  44400000     -8.081033     -5.559193
  44500000     -8.050614     -5.621698
  44600000     -8.183167     -5.763655
  44700000     -8.215588     -5.821269
  44800000     -8.021083     -5.843789
  44900000     -7.878833     -5.810624
  45000000     -8.006502     -5.996160
  45100000     -7.947704     -6.047530
  45200000     -7.914456     -6.110503
  45300000     -7.743520     -6.091193
  45400000     -7.725624     -6.170052
  45500000     -7.722604     -6.258130
  45600000     -7.676419     -6.321818
  45700000     -7.762160     -6.421550
  45800000     -7.763480     -6.475445
  45900000     -7.745021     -6.568169
  46000000     -7.800190     -6.649648
  46100000     -7.721629     -6.699358
  46200000     -7.734925     -6.768875
  46300000     -7.883098     -6.844882
  46400000     -7.896796     -6.910726
  46500000     -7.873748     -6.967306
  46600000     -8.128087     -6.947973
  46700000     -8.250300     -6.948365
  46800000     -8.313533     -6.939758
  46900000     -8.374111     -6.963650
  47000000     -8.373661     -7.083670
  47100000     -8.446071     -7.072328
  47200000     -8.436972     -7.195358
  47300000     -8.534317     -7.171616
  47400000     -8.624214     -7.147166
  47500000     -8.622742     -7.244971
  47600000     -8.673485     -7.295587
  47700000     -8.725974     -7.344831
  47800000     -8.846718     -7.229313
  47900000     -8.877533     -7.161570
  48000000     -8.971514     -7.297626
  48100000     -9.044776     -7.258519
  48200000     -9.086105     -7.306747
  48300000     -9.150840     -7.434223
  48400000     -9.208181     -7.429327
  48500000     -9.263203     -7.480034
  48600000     -9.326410     -7.407513
  48700000     -9.355450     -7.618117
  48800000     -9.403770     -7.675562
  48900000     -9.469144     -7.708364
  49000000     -9.501000     -7.743614
  49100000     -9.598358     -7.699641
  49200000     -9.642152     -7.796922
  49300000     -9.703678     -7.828758
  49400000     -9.777150     -7.775206
  49500000     -9.847280     -7.794105
  49600000     -9.829842     -8.009555
  49700000     -9.865624     -8.026796
  49800000     -9.982608     -7.989517
  49900000    -10.076640     -7.916375
  50000000    -10.082720     -8.090498
