         0      3.000000      0.000000
    100000      3.070860     -0.006503
    200000      3.135543      0.041795
    300000      3.215772     -0.026127
    400000      3.268027      0.024079
    500000      3.340185     -0.011859
    600000      3.356423      0.116270
    700000      3.354926      0.168875
    800000      3.480470      0.130083
    900000      3.547943      0.147017
   1000000      3.578170      0.202303
   1100000      3.727590      0.051876
   1200000      3.745733      0.215868
   1300000      3.832940      0.220436
   1400000      3.898212      0.267971
   1500000      3.956987      0.309357
   1600000      4.018254      0.317443
   1700000      4.104112      0.293578
   1800000      4.096138      0.409795
   1900000      4.267667      0.278128
   2000000      4.291348      0.318264
   2100000      4.394665      0.299461
   2200000      4.459251      0.323972
   2300000      4.550278      0.309321
   2400000      4.642663      0.246364
   2500000      4.708363      0.158655
   2600000      4.749424      0.372668
   2700000      4.835320      0.308170
   2800000      4.872855      0.375897
   2900000      4.930786      0.384711
   3000000      4.941930      0.459845
   3100000      5.050552      0.402009
   3200000      5.064423      0.481738
   3300000      5.266058      0.145768
   3400000      5.326169      0.153240
   3500000      5.383701      0.255918
   3600000      5.461403      0.277448
   3700000      5.518045      0.258890
   3800000      5.499925      0.513084
   3900000      5.613122      0.458182
   4000000      5.694172      0.468548
   4100000      5.812711      0.305047
   4200000      5.869320      0.243569
   4300000      5.933787      0.242016
   4400000      6.007924      0.278839
   4500000      6.095973      0.246340
   4600000      6.142188      0.153283
   4700000      6.253751      0.266037
   4800000      6.329723      0.243291
   4900000      6.405953      0.271044
   5000000      6.462533      0.185677
   5100000      6.575401      0.341265
   5200000      6.625728      0.307398
   5300000      6.654031      0.222763
   5400000      6.702053      0.199739
   5500000      6.827158      0.252752
   5600000      6.870774      0.137314
   5700000      6.870422      0.048684
   5800000      6.919895      0.005450
   5900000      6.940954     -0.040717
   6000000      7.035807     -0.027295
   6100000      7.080119     -0.077352
   6200000      7.153038     -0.076506
   6300000      7.189904     -0.141019
   6400000      7.242124     -0.153510
   6500000      7.223005     -0.278134
   6600000      7.317062     -0.276323
   6700000      7.420319     -0.263905
   6800000      7.501132     -0.257720
   6900000      7.545606     -0.293589
   7000000      7.636328     -0.308825
   7100000      7.698134     -0.332582
   7200000      7.749272     -0.388553
   7300000      7.879072     -0.167532
   7400000      7.968681     -0.131364
   7500000      8.032430     -0.197398
   7600000      8.100667     -0.139450
   7700000      8.172911     -0.138480
   7800000      8.264560     -0.197498
   7900000      8.342017     -0.185428
   8000000      8.403126     -0.210801
   8100000      8.442391     -0.304236
   8200000      8.515227     -0.328493
   8300000      8.551687     -0.408150
   8400000      8.673474     -0.102416
   8500000      8.725108     -0.072185
   8600000      8.790526     -0.048238
   8700000      8.850796      0.001199
   8800000      8.860382      0.123578
   8900000      8.973826      0.060030
   9000000      9.064368      0.000732
   9100000      9.118718      0.052558
   9200000      9.176427      0.086095
   9300000      9.281689     -0.066200
   9400000      9.348668     -0.055106
   9500000      9.395873     -0.015186
   9600000      9.466641     -0.160175
   9700000      9.542798     -0.055724
   9800000      9.603540     -0.055171
   9900000      9.662696      0.074938
  10000000      9.727685      0.099446
  10100000      9.799258      0.153770
  10200000      9.856149      0.081885
  10300000      9.816401      0.325677
  10400000      9.889155      0.323044
  10500000      9.952121      0.353865
  10600000     10.060078      0.295010
  10700000     10.033044      0.396803
  10800000     10.053735      0.470626
  10900000     10.076803      0.499015
  11000000     10.022366      0.609295
  11100000     10.075161      0.666643
  11200000     10.200961      0.681497
  11300000     10.273213      0.695581
  11400000     10.293217      0.786070
  11500000     10.269104      0.870460
  11600000     10.358049      0.874282
  11700000     10.419985      0.913307
  11800000     10.389136      0.991852
  11900000     10.500147      1.008868
  12000000     10.641814      0.995871
  12100000     10.687802      1.043266
  12200000     10.733058      1.104799
  12300000     10.784496      1.144417
  12400000     10.840089      1.171597
  12500000     10.865877      1.235718
  12600000     10.983093      1.180211
  12700000     11.043080      1.177347
  12800000     11.088105      1.192929
  12900000     11.109055      1.334293
  13000000     11.077497      1.494078
  13100000     11.073923      1.594834
  13200000     10.982334      1.745514
  13300000     10.935179      1.825955
  13400000     11.011180      1.870057
  13500000     10.913303      1.943495
  13600000     11.137610      1.989220
  13700000     11.135685      2.062584
  13800000     11.188951      2.126871
  13900000     11.276820      2.162715
  14000000     11.368065      2.180953
  14100000     11.370638      2.263430
  14200000     11.430297      2.298281
  14300000     11.390603      2.416020
  14400000     11.447957      2.463743
  14500000     11.427141      2.547079
  14600000     11.338057      2.629998
  14700000     11.361337      2.701475
  14800000     11.362072      2.763545
  14900000     11.472195      2.827111
  15000000     11.599238      2.842272
  15100000     11.641910      2.900231
  15200000     11.615990      2.998459
  15300000     11.518345      3.076959
  15400000     11.484592      3.144359
  15500000     11.489146      3.205346
  15600000     11.459576      3.257423
  15700000     11.447173      3.332540
  15800000     11.470837      3.381991
  15900000     11.306490      3.409303
  16000000     11.319334      3.494290
  16100000     11.255503      3.548544
  16200000     11.160588      3.546686
  16300000     11.135329      3.596815
  16400000     11.120308      3.674875
  16500000     11.040758      3.639381
  16600000     11.190486      3.835248
  16700000     11.191421      3.896287
  16800000     11.097607      3.936524
  16900000     11.242239      4.034394
  17000000     11.214377      4.118851
  17100000     11.281275      4.195036
  17200000     11.253675      4.273076
  17300000     11.317820      4.353328
  17400000     11.422222      4.387971
  17500000     11.450525      4.444979
  17600000     11.325222      4.532930
  17700000     11.389718      4.595749
  17800000     11.640669      4.563653
  17900000     11.565213      4.680337
  18000000     11.546278      4.769347
  18100000     11.368353      4.888136
  18200000     11.344612      4.955853
  18300000     11.342558      5.026332
  18400000     11.497707      5.077214
  18500000     11.613456      5.095345
  18600000     11.604930      5.182260
  18700000     11.688999      5.208343
  18800000     11.701468      5.298390
  18900000     11.743333      5.339511
  19000000     11.734352      5.420963
  19100000     11.660872      5.534842
  19200000     11.626385      5.629057
  19300000     11.505956      5.698636
  19400000     11.528115      5.765779
  19500000     11.660311      5.861452
  19600000     11.751114      5.879628
  19700000     11.876923      5.879810
  19800000     11.772309      6.028068
  19900000     11.710295      6.127254
  20000000     11.747254      6.207288
  20100000     11.721426      6.276035
  20200000     11.881790      6.301669
  20300000     11.855486      6.395102
  20400000     11.892357      6.446252
  20500000     11.919302      6.509449
  20600000     11.765084      6.611535
  20700000     12.084748      6.608531
  20800000     11.900969      6.724661
  20900000     11.909068      6.803033
  21000000     11.961083      6.879458
  21100000     11.993477      6.957987
  21200000     12.131308      6.966736
  21300000     12.008161      7.124651
  21400000     12.015638      7.163703
  21500000     12.116939      7.227482
  21600000     12.169561      7.277299
  21700000     12.204180      7.320453
  21800000     12.355641      7.318074
  21900000     12.315505      7.441814
  22000000     12.394030      7.463923
  22100000     12.477044      7.488215
  22200000     12.469246      7.575063
  22300000     12.526767      7.630658
  22400000     12.517826      7.702238
  22500000     12.609511      7.741817
  22600000     12.681098      7.797793
  22700000     12.614334      7.874766
  22800000     12.664225      7.936791
  22900000     12.643826      8.015443
  23000000     12.962470      7.927636
  23100000     13.013939      7.990490
  23200000     13.047735      8.015810
  23300000     13.035595      8.118549
  23400000     13.068938      8.205514
  23500000     13.169543      8.198487
  23600000     13.257564      8.208538
  23700000     13.392711      8.142333
  23800000     13.454109      8.173142
  23900000     13.551140      8.091241
  24000000     13.627823      8.040480
  24100000     13.708303      8.104282
  24200000     13.778682      7.932215
  24300000     13.855864      8.011504
  24400000     13.926200      8.066980
  24500000     13.999427      8.067111
  24600000     14.075249      8.122595
  24700000     14.110991      8.233857
  24800000     14.180170      8.279948
  24900000     14.260682      8.258066
  25000000     14.321652      8.223433
  25100000     14.393084      8.316370
  25200000     14.446495      8.257815
  25300000     14.516553      8.230844
  25400000     14.589094      8.234053
  25500000     14.648755      8.199203
  25600000     14.733598      8.381125
  25700000     14.795730      8.361898
  25800000     14.858161      8.325852
  25900000     14.861672      8.549259
  26000000     14.976789      8.299434
  26100000     15.022518      8.528510
  26200000     15.109642      8.440636
  26300000     15.151719      8.383766
  26400000     15.218466      8.401646
  26500000     15.265117      8.275512
  26600000     15.259832      8.119756
  26700000     15.287748      8.081877
  26800000     15.482017      8.296710
  26900000     15.538571      8.176704
  27000000     15.670965      8.369193
  27100000     15.744408      8.351421
  27200000     15.813658      8.284945
  27300000     15.889856      8.310124
  27400000     15.902213      8.130384
  27500000     15.980710      8.203201
  27600000     15.976121      8.047522
  27700000     16.092927      8.112121
  27800000     16.139820      8.072471
  27900000     16.242822      8.114263
  28000000     16.302193      8.086352
  28100000     16.361843      8.092181
  28200000     16.351878      7.898511
  28300000     16.372496      7.859072
  28400000     16.444203      7.835077
  28500000     16.622014      8.011756
  28600000     16.689108      8.000799
  28700000     16.748233      7.929663
  28800000     16.799615      7.945486
  28900000     16.857767      7.966051
  29000000     16.927513      7.925757
  29100000     16.989359      7.864345
  29200000     17.070964      7.840698
  29300000     17.109634      7.895422
  29400000     17.157464      7.926557
  29500000     17.270858      7.756994
  29600000     17.348815      7.679047
  29700000     17.395171      7.604398
  29800000     17.476192      7.642345
  29900000     17.564791      7.662779
  30000000     17.632813      7.666493
  30100000     17.703884      7.631017
  30200000     17.768914      7.628458
  30300000     17.840769      7.629044
  30400000     17.851431      7.437970
  30500000     17.942805      7.497141
  30600000     17.961509      7.358362
  30700000     18.070513      7.424881
  30800000     18.137152      7.449114
  30900000     18.169583      7.232622
  31000000     18.225524      7.233858
  31100000     18.267025      7.229061
  31200000     18.387320      7.252138
  31300000     18.401864      7.161171
  31400000     18.515991      7.208087
  31500000     18.586900      7.186982
  31600000     18.661079      7.151345
  31700000     18.696467      7.101334
  31800000     18.788337      7.150772
  31900000     18.823770      7.064088
  32000000     18.885120      7.065879
  32100000     18.972505      7.090351
  32200000     19.043351      7.115848
  32300000     19.097287      7.083796
  32400000     19.169197      7.083024
  32500000     19.239413      7.153865
  32600000     19.319966      7.154834
  32700000     19.389993      7.130331
  32800000     19.417035      7.210221
  32900000     19.511467      7.161596
  33000000     19.585344      7.192708
  33100000     19.640705      7.281241
  33200000     19.749710      7.102376
  33300000     19.815201      7.040465
  33400000     19.885734      7.074309
  33500000     19.927095      6.985027
  33600000     19.980680      6.989490
  33700000     20.077841      7.238964
  33800000     20.154716      7.254656
  33900000     20.217842      7.290928
  34000000     20.281617      7.257271
  34100000     20.370981      7.186630
  34200000     20.431870      7.160476
  34300000     20.511299      7.135241
  34400000     20.597145      7.092852
  34500000     20.676603      7.117947
  34600000     20.727370      7.297116
  34700000     20.790034      7.240837
  34800000     20.861800      7.244879
  34900000     20.931325      7.334857
  35000000     20.993726      7.354120
  35100000     20.891825      7.703325
  35200000     20.953502      7.740596
  35300000     21.042991      7.718481
  35400000     21.015446      7.781908
  35500000     21.295383      7.584338
  35600000     21.362359      7.627656
  35700000     21.406801      7.615282
  35800000     21.412685      7.779458
  35900000     21.400329      7.909995
  36000000     21.460156      7.940790
  36100000     21.458103      8.039964
  36200000     21.581121      8.005464
  36300000     21.654110      8.021867
  36400000     21.676332      8.090815
  36500000     21.713319      8.137075
  36600000     21.782821      8.173902
  36700000     21.842358      8.189858
  36800000     21.845109      8.288686
  36900000     21.988075      8.274021
  37000000     22.061317      8.268711
  37100000     22.218033      8.078544
  37200000     22.298531      8.022013
  37300000     22.390904      7.967489
  37400000     22.437600      8.077431
  37500000     22.492411      8.106785
  37600000     22.559770      8.045544
  37700000     22.590751      8.233639
  37800000     22.611784      8.437068
  37900000     22.645876      8.493144
  38000000     22.696099      8.535150
  38100000     22.761830      8.568515
  38200000     22.814379      8.576320
  38300000     22.899738      8.562991
  38400000     22.976127      8.620144
  38500000     23.004959      8.686624
  38600000     23.070307      8.702696
  38700000     23.040891      8.900543
  38800000     23.046232      8.972182
  38900000     23.059884      9.033037
  39000000     23.135969      9.074431
  39100000     23.363045      8.945696
  39200000     23.424501      8.956734
  39300000     23.494432      9.006602
  39400000     23.543150      9.050487
  39500000     23.763493      8.747912
  39600000     23.887326      8.714168
  39700000     23.934912      8.655822
  39800000     24.083212      8.357468
  39900000     24.117208      8.257841
  40000000     24.182091      8.556509
  40100000     24.262264      8.475651
  40200000     24.319176      8.499255
  40300000     24.389936      8.229351
  40400000     24.484398      8.448014
  40500000     24.568665      8.343727
  40600000     24.625843      8.466129
  40700000     24.698447      8.359757
  40800000     24.734546      8.442511
  40900000     24.840398      8.317397
  41000000     24.884874      8.456254
  41100000     24.963830      8.446163
  41200000     25.032501      8.492857
  41300000     25.072015      8.566819
  41400000     25.118957      8.592787
  41500000     25.272774      8.282971
  41600000     25.317517      8.164769
  41700000     25.371505      8.129901
  41800000     25.476383      8.260473
  41900000     25.536379      8.331885
  42000000     25.577879      8.388646
  42100000     25.694056      8.316426
  42200000     25.758324      8.348606
  42300000     25.826457      8.332001
  42400000     25.887444      8.382197
  42500000     25.931806      8.456350
  42600000     26.038060      8.442960
  42700000     26.093333      8.399992
  42800000     26.140414      8.393039
  42900000     26.186780      8.214689
  43000000     26.219531      8.152441
  43100000     26.375127      8.320962
  43200000     26.398126      8.244656
  43300000     26.519870      8.321292
  43400000     26.568035      8.209230
  43500000     26.664520      8.298410
  43600000     26.686029      8.136972
  43700000     26.754333      8.110702
  43800000     26.801548      8.083347
  43900000     26.945056      8.378294
  44000000     27.028162      8.292153
  44100000     27.069879      8.218853
  44200000     27.141208      8.439203
  44300000     27.255114      8.264340
  44400000     27.323348      8.194646
  44500000     27.391551      8.199577
  44600000     27.433984      8.228346
  44700000     27.506129      8.159125
  44800000     27.562602      8.104446
  44900000     27.651342      8.147024
  45000000     27.685237      8.032087
  45100000     27.749831      8.011146
  45200000     27.844290      8.070810
  45300000     27.931862      8.102315
  45400000     27.977875      8.018333
  45500000     28.048627      8.004643
  45600000     28.113797      8.009271
  45700000     28.222297      8.160237
  45800000     28.285178      8.160909
  45900000     28.340530      8.094467
  46000000     28.417386      8.136037
  46100000     28.461363      7.977166
  46200000     28.571423      8.157481
  46300000     28.649131      8.226312
  46400000     28.731906      8.121534
  46500000     28.743151      7.904335
  46600000     28.815932      7.900951
  46700000     28.867260      7.807596
  46800000     28.834623      7.706908
  46900000     28.899989      7.679083
  47000000     29.088380      7.815319
  47100000     29.208425      8.307156
  47200000     29.295064      8.381344
  47300000     29.368956      8.367789
  47400000     29.407190      8.444251
  47500000     29.470777      8.474928
  47600000     29.571900      8.394859
  47700000     29.652312      8.373588
  47800000     29.720206      8.377619
  47900000     29.789688      8.406349
  48000000     29.853591      8.476603
  48100000     29.913946      8.506866
  48200000     29.984822      8.510728
  48300000     30.040877      8.513187
  48400000     30.087125      8.597409
  48500000     30.191718      8.543399
  48600000     30.233490      8.656204
  48700000     30.242276      8.766916
  48800000     30.372160      8.678385
  48900000     30.445448      8.643818
  49000000     30.542497      8.509600
  49100000     30.598720      8.446527
  49200000     30.681182      8.502579
  49300000     30.735497      8.526567
  49400000     30.787759      8.636818
  49500000     30.863120      8.539826
  49600000     30.932105      8.524451
  49700000     31.003960      8.622895
  49800000     31.045862      8.648913
  49900000     31.095495      8.687697
  50000000     31.183574      8.634428
