         0      3.000000      0.000000
    100000      3.048734      0.003487
    200000      3.132009      0.019914
    300000      3.206266     -0.021653
    400000      3.263232     -0.075949
    500000      3.295464     -0.195216
    600000      3.389984     -0.170221
    700000      3.373993     -0.311793
    800000      3.419540     -0.360624
    900000      3.466880     -0.461384
   1000000      3.525083     -0.460151
   1100000      3.473856     -0.630679
   1200000      3.529910     -0.673123
   1300000      3.534343     -0.725475
   1400000      3.540967     -0.780844
   1500000      3.611533     -0.820013
   1600000      3.725026     -0.864406
   1700000      3.877152     -0.876984
   1800000      3.929791     -0.919334
   1900000      4.034952     -0.918634
   2000000      3.963320     -1.052706
   2100000      4.050321     -1.087564
   2200000      3.901328     -1.216469
   2300000      3.869245     -1.284670
   2400000      3.903318     -1.344304
   2500000      3.913116     -1.395387
   2600000      3.917677     -1.462073
   2700000      3.757733     -1.501844
   2800000      3.670413     -1.534174
   2900000      3.627092     -1.591626
   3000000      3.592572     -1.641814
   3100000      3.603447     -1.713298
   3200000      3.576711     -1.773327
   3300000      3.502516     -1.818499
   3400000      3.443399     -1.878238
   3500000      3.376045     -1.888938
   3600000      3.353659     -1.956737
   3700000      3.127020     -1.836579
   3800000      3.085786     -1.890036
   3900000      2.998992     -1.876083
   4000000      3.130986     -2.148822
   4100000      3.077616     -2.194436
   4200000      3.069617     -2.258357
   4300000      2.982026     -2.272222
   4400000      3.058845     -2.375019
   4500000      2.946901     -2.391912
   4600000      3.021980     -2.463712
   4700000      2.869121     -2.481421
   4800000      2.830811     -2.526595
   4900000      2.814904     -2.572976
   5000000      2.737611     -2.618874
   5100000      2.716425     -2.659328
   5200000      2.708514     -2.790818
   5300000      2.673492     -2.837793
   5400000      2.785183     -2.939074
   5500000      2.627588     -2.969502
   5600000      2.579443     -3.025443
   5700000      2.510900     -3.068131
   5800000      2.347157     -3.014848
   5900000      2.326104     -3.093313
   6000000      2.307063     -3.140845
   6100000      2.166361     -3.124804
   6200000      2.058094     -3.088628
   6300000      2.016777     -3.137844
   6400000      1.955633     -3.199619
   6500000      1.929857     -3.261102
   6600000      1.946888     -3.360870
   6700000      1.917822     -3.426771
   6800000      1.880918     -3.461715
   6900000      1.850656     -3.528909
   7000000      2.015114     -3.662717
   7100000      2.117789     -3.717460
   7200000      1.979682     -3.792811
   7300000      1.962479     -3.862552
   7400000      1.987590     -3.932012
   7500000      1.866470     -3.996319
   7600000      1.853977     -4.038727
   7700000      1.892135     -4.100363
   7800000      1.920770     -4.145664
   7900000      2.081289     -4.155688
   8000000      2.001363     -4.275307
   8100000      2.154488     -4.260812
   8200000      2.170976     -4.326602
   8300000      2.099172     -4.443859
   8400000      2.155174     -4.525769
   8500000      2.197828     -4.589828
   8600000      2.340928     -4.604519
   8700000      2.405597     -4.599643
   8800000      2.376993     -4.753855
   8900000      2.439315     -4.756911
   9000000      2.494044     -4.786100
   9100000      2.573736     -4.805747
   9200000      2.571155     -4.914193
   9300000      2.678101     -4.895351
   9400000      2.736778     -4.941369
   9500000      2.804726     -4.946734
   9600000      2.808291     -5.067878
   9700000      2.873543     -5.065948
   9800000      2.959595     -5.046251
   9900000      3.018269     -5.091544
  10000000      3.051866     -5.159161
  10100000      3.134089     -4.965619
  10200000      3.201248     -4.950060
  10300000      3.193740     -5.322996
  10400000      3.301464     -5.265616
  10500000      3.283859     -5.481811
  10600000      3.409077     -5.371977
  10700000      3.489570     -5.390645
  10800000      3.517431     -5.539704
  10900000      3.582200     -5.536492
  11000000      3.543223     -5.722905
  11100000      3.592096     -5.770596
  11200000      3.672802     -5.817949
  11300000      3.769918     -5.806910
  11400000      3.780040     -5.896416
  11500000      3.870148     -5.858267
  11600000      3.922572     -5.925427
  11700000      3.918986     -6.055009
  11800000      3.997439     -6.035878
  11900000      4.064830     -5.994815
  12000000      4.122444     -5.954719
  12100000      4.180857     -6.047572
  12200000      4.243232     -5.927205
  12300000      4.304479     -5.915284
  12400000      4.383262     -5.849343
  12500000      4.502299     -5.726213
  12600000      4.606777     -5.871314
  12700000      4.691035     -5.927022
  12800000      4.746079     -5.937110
  12900000      4.799421     -5.924457
  13000000      4.872516     -5.880529
  13100000      4.922308     -5.813724
  13200000      5.005919     -5.829859
  13300000      5.052058     -5.693406
  13400000      5.090484     -5.684957
  13500000      5.140712     -5.659365
  13600000      5.165014     -5.608679
  13700000      5.362044     -5.882565
  13800000      5.425308     -5.917511
  13900000      5.512515     -5.920061
  14000000      5.559670     -5.772855
  14100000      5.613584     -5.736771
  14200000      5.723560     -6.023430
  14300000      5.780660     -6.042849
  14400000      5.839371     -6.098568
  14500000      5.909907     -6.038173
  14600000      5.992780     -6.137743
  14700000      6.027662     -6.201935
  14800000      6.119984     -6.137331
  14900000      6.178652     -6.244506
  15000000      6.253545     -6.230899
  15100000      6.320884     -6.187206
  15200000      6.391939     -6.160537
  15300000      6.461992     -6.332962
  15400000      6.535183     -6.330552
  15500000      6.613469     -6.297330
  15600000      6.703758     -6.252880
  15700000      6.784153     -6.123469
  15800000      6.838342     -6.167594
  15900000      6.921092     -6.040602
  16000000      6.990846     -5.972491
  16100000      7.040372     -5.877953
  16200000      7.001961     -5.697814
  16300000      7.097741     -5.736006
  16400000      7.255975     -5.873022
  16500000      7.323533     -5.843863
  16600000      7.325268     -5.708242
  16700000      7.372854     -5.661885
  16800000      7.431766     -5.640337
  16900000      7.471807     -5.591702
  17000000      7.606102     -5.653706
  17100000      7.684869     -5.636755
  17200000      7.738148     -5.582894
  17300000      7.847220     -5.735320
  17400000      7.868927     -5.596384
  17500000      7.945425     -5.578812
  17600000      8.004773     -5.590556
  17700000      8.063644     -5.559928
  17800000      8.085333     -5.438274
  17900000      8.130922     -5.420110
  18000000      8.176447     -5.388247
  18100000      8.282418     -5.419347
  18200000      8.316779     -5.313660
  18300000      8.414488     -5.359340
  18400000      8.463058     -5.359682
  18500000      8.553477     -5.396453
  18600000      8.620658     -5.411022
  18700000      8.661986     -5.520039
  18800000      8.695705     -5.623609
  18900000      8.749615     -5.637735
  19000000      8.862280     -5.615256
  19100000      8.944199     -5.579951
  19200000      9.074920     -5.351992
  19300000      9.113251     -5.176857
  19400000      9.107329     -5.095309
  19500000      9.316697     -5.470430
  19600000      9.386627     -5.489261
  19700000      9.446768     -5.414902
  19800000      9.510113     -5.456823
  19900000      9.532375     -5.312683
  20000000      9.580129     -5.241208
  20100000      9.700293     -5.354334
  20200000      9.751736     -5.344868
  20300000      9.815795     -5.380599
  20400000      9.885489     -5.394970
  20500000      9.969997     -5.590869
  20600000     10.045262     -5.564698
  20700000     10.127573     -5.551100
  20800000     10.182755     -5.621894
  20900000     10.250964     -5.659512
  21000000     10.329878     -5.668830
  21100000     10.358718     -5.780344
  21200000     10.404302     -5.858678
  21300000     10.458898     -5.880339
  21400000     10.523628     -5.917179
  21500000     10.536414     -6.005041
  21600000     10.620073     -6.001082
  21700000     10.613166     -6.097001
  21800000     10.678961     -6.111963
  21900000     10.690269     -6.243657
  22000000     10.718809     -6.323511
  22100000     10.745214     -6.378193
  22200000     10.835677     -6.402652
  22300000     10.785160     -6.505886
  22400000     10.837781     -6.595127
  22500000     10.922809     -6.630185
  22600000     10.935517     -6.690009
  22700000     10.985949     -6.744272
  22800000     11.145679     -6.735842
  22900000     11.339042     -6.582628
  23000000     11.394037     -6.673730
  23100000     11.450585     -6.722553
  23200000     11.481815     -6.771623
  23300000     11.528680     -6.830237
  23400000     11.586527     -6.832534
  23500000     11.673643     -6.811317
  23600000     11.742168     -6.844908
  23700000     11.816818     -6.829338
  23800000     11.873307     -6.901655
  23900000     11.965077     -6.853584
  24000000     12.008122     -6.946344
  24100000     12.090807     -6.905887
  24200000     12.169038     -6.857478
  24300000     12.249493     -6.870108
  24400000     12.289529     -6.992370
  24500000     12.388343     -6.977067
  24600000     12.469756     -6.780144
  24700000     12.546362     -6.797653
  24800000     12.558440     -6.644770
  24900000     12.612826     -6.582330
  25000000     12.678530     -6.596109
  25100000     12.798410     -6.663769
  25200000     12.869261     -6.723615
  25300000     12.959178     -6.703976
  25400000     13.012672     -6.674307
  25500000     13.068278     -6.612425
  25600000     13.153969     -6.663976
  25700000     13.206039     -6.615768
  25800000     13.214564     -6.507628
  25900000     13.279976     -6.484085
  26000000     13.386590     -6.543965
  26100000     13.446686     -6.628185
  26200000     13.501806     -6.665163
  26300000     13.533750     -6.349380
  26400000     13.629476     -6.442319
  26500000     13.698708     -6.461620
  26600000     13.729296     -6.493216
  26700000     13.714051     -6.219261
  26800000     13.745528     -6.126683
  26900000     13.764420     -6.057891
  27000000     13.759754     -5.942334
  27100000     13.764655     -5.865861
  27200000     13.755106     -5.775780
  27300000     14.073844     -5.937001
  27400000     14.099007     -5.854003
  27500000     14.084795     -5.741327
  27600000     14.176281     -5.752370
  27700000     14.235684     -5.757024
  27800000     14.198597     -5.591820
  27900000     14.266990     -5.567178
  28000000     14.259435     -5.477407
  28100000     14.293480     -5.446565
  28200000     14.247387     -5.356478
  28300000     14.336216     -5.335161
  28400000     14.537007     -5.354348
  28500000     14.558716     -5.283869
  28600000     14.631102     -5.241482
  28700000     14.733894     -5.241669
  28800000     14.801078     -5.238351
  28900000     14.846264     -5.156736
  29000000     14.926689     -5.149960
  29100000     14.965768     -5.082771
  29200000     15.054982     -5.075714
  29300000     15.149619     -5.116249
  29400000     15.222109     -5.189672
  29500000     15.071667     -4.787899
  29600000     15.100997     -4.725257
  29700000     15.104163     -4.631612
  29800000     15.178585     -4.593275
  29900000     15.162191     -4.517752
  30000000     15.134335     -4.452726
  30100000     15.193864     -4.420790
  30200000     15.301046     -4.375113
  30300000     15.263991     -4.316853
  30400000     15.517659     -4.302223
  30500000     15.663446     -4.323727
  30600000     15.686829     -4.281223
  30700000     15.737069     -4.224872
  30800000     15.715333     -4.143255
  30900000     15.828365     -4.109789
  31000000     15.886309     -4.063204
  31100000     15.850792     -3.956874
  31200000     15.953954     -3.940705
  31300000     15.994431     -3.880173
  31400000     16.049460     -3.828660
  31500000     16.112860     -3.797297
  31600000     16.152133     -3.764113
  31700000     16.247486     -3.781907
  31800000     16.260239     -3.712645
  31900000     16.378983     -3.721582
  32000000     16.510335     -3.831217
  32100000     16.589344     -3.829069
  32200000     16.626412     -3.742488
  32300000     16.660250     -3.659938
  32400000     16.741511     -3.632952
  32500000     16.854725     -3.640686
  32600000     16.938277     -3.741202
  32700000     16.960700     -3.545332
  32800000     17.007114     -3.487147
  32900000     17.133924     -3.598637
  33000000     17.203047     -3.664660
  33100000     17.275089     -3.692081
  33200000     17.331638     -3.768216
  33300000     17.402543     -3.673087
  33400000     17.468473     -3.629250
  33500000     17.521133     -3.598475
  33600000     17.619178     -3.800367
  33700000     17.675993     -3.824259
  33800000     17.765201     -3.780179
  33900000     17.840089     -3.682188
  34000000     17.878923     -3.563810
  34100000     17.952621     -3.570850
  34200000     17.993935     -3.518725
  34300000     18.070539     -3.498472
  34400000     18.157610     -3.500866
  34500000     18.250203     -3.576846
  34600000     18.360114     -3.747960
  34700000     18.427408     -3.674360
  34800000     18.480109     -3.591394
  34900000     18.531770     -3.597826
  35000000     18.610789     -3.711165
  35100000     18.688782     -3.791856
  35200000     18.741804     -3.857008
  35300000     18.827968     -3.800201
  35400000     18.898724     -3.824344
  35500000     18.947205     -3.841082
  35600000     19.000344     -3.944420
  35700000     19.064521     -3.981631
  35800000     19.134180     -3.996522
  35900000     19.188378     -4.091149
  36000000     19.249991     -4.116081
  36100000     19.315479     -4.085934
  36200000     19.381805     -4.107305
  36300000     19.449266     -4.107015
  36400000     19.496104     -4.125341
  36500000     19.549818     -4.089970
  36600000     19.617951     -4.054072
  36700000     19.693930     -4.060694
  36800000     19.744576     -4.059882
  36900000     19.809625     -4.128698
  37000000     19.870975     -4.174123
  37100000     19.949540     -4.323109
  37200000     20.035146     -4.346104
  37300000     20.125403     -4.345765
  37400000     20.192826     -4.349139
  37500000     20.255995     -4.319931
  37600000     20.315823     -4.172748
  37700000     20.399293     -4.268911
  37800000     20.468120     -4.233997
  37900000     20.529078     -4.228170
  38000000     20.601521     -4.249540
  38100000     20.671913     -4.276487
  38200000     20.727472     -4.384344
  38300000     20.746094     -4.526733
  38400000     20.820088     -4.570593
  38500000     20.832104     -4.696137
  38600000     20.990009     -4.628973
  38700000     21.105600     -4.467902
  38800000     21.150512     -4.583346
  38900000     21.265697     -4.471369
  39000000     21.326690     -4.500582
  39100000     21.382992     -4.548020
  39200000     21.426261     -4.626809
  39300000     21.496322     -4.652275
  39400000     21.551851     -4.598220
  39500000     21.616253     -4.562550
  39600000     21.631872     -4.404155
  39700000     21.751621     -4.415940
  39800000     21.817493     -4.396770
  39900000     21.886359     -4.329121
  40000000     21.989625     -4.426474
  40100000     22.050165     -4.377283
  40200000     22.067709     -4.257273
  40300000     22.177756     -4.403199
  40400000     22.236297     -4.321108
  40500000     22.181370     -4.105965
  40600000     22.327735     -4.218715
  40700000     22.390563     -4.169059
  40800000     22.440334     -4.135669
  40900000     22.549945     -4.226214
  41000000     22.576140     -4.134813
  41100000     22.674978     -4.201919
  41200000     22.719235     -4.119090
  41300000     22.792620     -4.121589
  41400000     22.849699     -4.062153
  41500000     22.957342     -4.100531
  41600000     23.008414     -4.037639
  41700000     23.061213     -4.002531
  41800000     23.109449     -3.946216
  41900000     23.171272     -3.855868
  42000000     23.262265     -3.891289
  42100000     23.279363     -3.743656
  42200000     23.262484     -3.599400
  42300000     23.421854     -3.685810
  42400000     23.488564     -3.651326
  42500000     23.603205     -3.769199
  42600000     23.561734     -3.546229
  42700000     23.568035     -3.474315
  42800000     23.629505     -3.427235
  42900000     23.714238     -3.399613
  43000000     23.696558     -3.300900
  43100000     23.797793     -3.292090
  43200000     24.030213     -3.506780
  43300000     24.100931     -3.522998
  43400000     24.139564     -3.375835
  43500000     24.225124     -3.376229
  43600000     24.279042     -3.347406
  43700000     24.348656     -3.336212
  43800000     24.389363     -3.236632
  43900000     24.473539     -3.263545
  44000000     24.544225     -3.262510
  44100000     24.586158     -3.190933
  44200000     24.618513     -3.138979
  44300000     24.691740     -3.129877
  44400000     24.668126     -3.003177
  44500000     24.803481     -3.005235
  44600000     24.835753     -2.940973
  44700000     24.871283     -2.887006
  44800000     24.934326     -2.844808
  44900000     25.084112     -2.932157
  45000000     25.154375     -2.900516
  45100000     25.215181     -2.874841
  45200000     25.294562     -2.900962
  45300000     25.353386     -2.822615
  45400000     25.428677     -2.869736
  45500000     25.439690     -2.720263
  45600000     25.556263     -2.811100
  45700000     25.590898     -2.699411
  45800000     25.650801     -2.656302
  45900000     25.709031     -2.603929
  46000000     25.722054     -2.485428
  46100000     25.795068     -2.475286
  46200000     25.877723     -2.486098
  46300000     25.938753     -2.508770
  46400000     25.893990     -2.291111
  46500000     26.035266     -2.361779
  46600000     26.137886     -2.474401
  46700000     26.198810     -2.495194
  46800000     26.211343     -2.335100
  46900000     26.271813     -2.282243
  47000000     26.351648     -2.270361
  47100000     26.364441     -2.136508
  47200000     26.528302     -2.315624
  47300000     26.533766     -2.205110
  47400000     26.588938     -2.164698
  47500000     26.605265     -2.058472
  47600000     26.655898     -2.012351
  47700000     26.811686     -2.099342
  47800000     26.894793     -2.096727
  47900000     26.914559     -1.995469
  48000000     26.940315     -1.906074
  48100000     27.043452     -1.943209
  48200000     27.093211     -1.921151
  48300000     27.153478     -1.872083
  48400000     27.223717     -1.818597
  48500000     27.354764     -1.937701
  48600000     27.396813     -1.792687
  48700000     27.369989     -1.624297
  48800000     27.449294     -1.629144
  48900000     27.433723     -1.510157
  49000000     27.464473     -1.442553
  49100000     27.497826     -1.391836
  49200000     27.544000     -1.335102
  49300000     27.591705     -1.283479
  49400000     27.629511     -1.216148
  49500000     27.738503     -1.234475
  49600000     27.709785     -1.119753
  49700000     27.896182     -1.170783
  49800000     27.920992     -1.111637
  49900000     27.981379     -1.099050
  50000000     27.990922     -0.993450
