         0      3.000000      0.000000
    100000      3.040655     -0.050350
    200000      3.093716     -0.043442
    300000      3.169410      0.073981
    400000      3.242580      0.139449
    500000      3.305526      0.191987
    600000      3.384843      0.112747
    700000      3.456684      0.130238
    800000      3.457620      0.346137
    900000      3.604925      0.138785
   1000000      3.655484      0.172336
   1100000      3.716386      0.182821
   1200000      3.824941      0.091900
   1300000      3.875340      0.160426
   1400000      3.937568      0.169997
   1500000      3.969701      0.284894
   1600000      4.070564      0.218969
   1700000      4.144217      0.127831
   1800000      4.194317      0.134827
   1900000      4.265031      0.120338
   2000000      4.318197      0.123111
   2100000      4.386203      0.202793
   2200000      4.456979      0.222903
   2300000      4.514210      0.188482
   2400000      4.587986      0.084986
   2500000      4.639458     -0.028993
   2600000      4.715397     -0.023203
   2700000      4.749102     -0.173411
   2800000      4.825779     -0.172282
   2900000      4.893119     -0.090492
   3000000      4.939361     -0.271005
   3100000      5.022793     -0.271386
   3200000      5.012590     -0.465154
   3300000      5.059194     -0.507457
   3400000      5.056785     -0.604631
   3500000      5.088276     -0.640757
   3600000      5.009788     -0.754947
   3700000      5.079193     -0.794365
   3800000      5.128246     -0.855819
   3900000      5.166143     -0.903680
   4000000      5.171706     -0.951483
   4100000      5.236289     -1.000763
   4200000      5.264778     -1.059125
   4300000      5.067774     -1.174811
   4400000      5.260318     -1.192381
   4500000      5.306106     -1.243525
   4600000      5.523639     -1.221877
   4700000      5.595481     -1.258248
   4800000      5.590061     -1.352366
   4900000      5.652046     -1.386169
   5000000      5.699127     -1.431451
   5100000      5.689713     -1.516400
   5200000      5.916687     -1.405514
   5300000      5.991607     -1.428351
   5400000      6.086582     -1.410449
   5500000      6.132986     -1.452660
   5600000      6.233683     -1.352665
   5700000      6.289335     -1.385792
   5800000      6.384919     -1.270439
   5900000      6.448991     -1.262343
   6000000      6.531856     -1.282535
   6100000      6.535797     -1.557158
   6200000      6.571826     -1.647056
   6300000      6.674790     -1.573843
   6400000      6.751926     -1.578983
   6500000      6.786002     -1.673030
   6600000      6.907047     -1.571034
   6700000      6.996999     -1.551550
   6800000      7.059521     -1.493792
   6900000      7.111390     -1.592148
   7000000      7.158548     -1.688585
   7100000      7.157095     -1.785529
   7200000      7.249826     -1.738850
   7300000      7.365550     -1.505163
   7400000      7.412326     -1.428734
   7500000      7.482469     -1.477311
   7600000      7.531181     -1.528382
   7700000      7.594887     -1.597837
   7800000      7.691535     -1.519948
   7900000      7.752397     -1.608174
   8000000      7.839790     -1.619864
   8100000      7.924128     -1.494361
   8200000      7.993839     -1.351638
   8300000      8.047332     -1.304751
   8400000      8.083072     -1.211097
   8500000      8.164303     -1.277604
   8600000      8.263765     -1.375642
   8700000      8.321654     -1.378150
   8800000      8.378152     -1.396459
   8900000      8.460493     -1.357793
   9000000      8.519946     -1.405165
   9100000      8.558767     -1.562753
   9200000      8.639693     -1.523817
   9300000      8.649283     -1.656937
   9400000      8.544374     -1.838034
   9500000      8.596049     -1.878899
   9600000      8.779529     -1.808305
   9700000      8.950651     -1.580780
   9800000      9.009728     -1.680006
   9900000      9.033455     -1.800874
  10000000      9.148432     -1.724275
  10100000      9.201641     -1.803445
  10200000      9.083725     -2.057940
  10300000      9.085426     -2.120666
  10400000      9.269633     -2.066524
  10500000      9.168463     -2.226037
  10600000      9.447642     -2.096760
  10700000      9.629750     -1.798345
  10800000      9.683608     -1.776592
  10900000      9.750663     -1.862319
  11000000      9.818402     -1.757499
  11100000      9.846379     -2.068259
  11200000      9.927456     -2.073827
  11300000      9.971974     -2.094529
  11400000     10.025037     -2.117616
  11500000     10.001151     -2.250058
  11600000     10.114788     -2.241109
  11700000     10.205457     -2.289816
  11800000     10.202453     -2.390727
  11900000     10.388233     -2.324785
  12000000     10.377562     -2.402626
  12100000     10.587533     -2.191211
  12200000     10.646398     -2.192671
  12300000     10.715745     -2.200920
  12400000     10.763201     -2.258246
  12500000     10.843294     -2.224206
  12600000     10.883942     -2.356979
  12700000     10.864657     -2.506909
  12800000     10.968528     -2.462450
  12900000     10.854509     -2.680967
  13000000     10.832299     -2.743144
  13100000     10.967502     -2.748063
  13200000     10.977680     -2.808636
  13300000     11.109868     -2.812036
  13400000     11.140258     -2.897192
  13500000     11.173108     -2.965535
  13600000     11.207562     -3.028755
  13700000     11.180452     -3.110469
  13800000     11.267820     -3.153163
  13900000     11.501936     -3.042237
  14000000     11.498128     -3.168084
  14100000     11.501965     -3.231558
  14200000     11.531210     -3.320080
  14300000     11.546747     -3.385086
  14400000     11.676444     -3.395882
  14500000     11.598742     -3.531603
  14600000     11.719813     -3.534282
  14700000     11.792090     -3.591627
  14800000     11.843295     -3.630969
  14900000     11.887259     -3.694949
  15000000     11.925311     -3.733566
  15100000     11.947074     -3.773173
  15200000     12.058316     -3.772611
  15300000     12.119227     -3.811004
  15400000     12.241912     -3.807253
  15500000     12.252608     -3.866534
  15600000     12.269166     -3.965507
  15700000     12.247827     -4.073729
  15800000     12.443854     -4.026962
  15900000     12.458283     -4.099100
  16000000     12.559785     -4.092301
  16100000     12.565401     -4.172068
  16200000     12.665029     -4.106131
  16300000     12.724639     -4.201933
  16400000     12.766137     -4.248094
  16500000     12.744830     -4.357932
  16600000     12.806050     -4.385382
  16700000     12.928846     -4.340465
  16800000     12.954217     -4.439154
  16900000     13.063250     -4.439380
  17000000     13.110017     -4.475593
  17100000     13.128511     -4.534024
  17200000     13.168651     -4.593489
  17300000     13.248411     -4.639260
  17400000     13.394882     -4.565100
  17500000     13.524123     -4.448840
  17600000     13.603926     -4.472695
  17700000     13.707730     -4.370192
  17800000     13.772931     -4.446719
  17900000     13.807966     -4.575835
  18000000     13.900782     -4.533981
  18100000     13.977999     -4.486583
  18200000     14.072754     -4.481790
  18300000     14.117182     -4.539630
  18400000     14.175394     -4.412106
  18500000     14.263996     -4.706114
  18600000     14.328654     -4.682469
  18700000     14.336546     -4.875453
  18800000     14.379437     -4.944810
  18900000     14.421145     -5.030428
  19000000     14.455713     -5.066784
  19100000     14.397612     -5.195669
  19200000     14.490580     -5.194227
  19300000     14.519420     -5.284115
  19400000     14.633412     -5.274631
  19500000     14.700484     -5.311219
  19600000     14.778200     -5.332342
  19700000     14.840973     -5.363207
  19800000     14.907608     -5.364037
  19900000     15.010142     -5.260262
  20000000     15.093359     -5.258256
  20100000     15.174830     -5.092824
  20200000     15.216546     -5.083712
  20300000     15.234842     -5.506836
  20400000     15.335365     -5.431281
  20500000     15.404138     -5.485913
  20600000     15.445091     -5.522808
  20700000     15.428961     -5.721964
  20800000     15.445360     -5.845222
  20900000     15.389533     -5.952428
  21000000     15.536792     -5.962262
  21100000     15.636294     -5.951433
  21200000     15.595106     -6.092803
  21300000     15.743241     -5.989902
  21400000     15.783665     -6.032147
  21500000     15.854426     -6.032263
  21600000     15.925142     -6.122444
  21700000     15.972881     -6.176453
  21800000     15.970303     -6.326046
  21900000     16.094153     -6.240025
  22000000     16.156014     -6.285954
  22100000     16.170113     -6.443280
  22200000     16.181338     -6.499469
  22300000     16.238758     -6.551495
  22400000     16.408192     -6.449475
  22500000     16.488868     -6.476396
  22600000     16.540513     -6.507930
  22700000     16.593630     -6.567721
  22800000     16.644675     -6.615450
  22900000     16.754393     -6.601687
  23000000     16.817187     -6.629203
  23100000     16.858979     -6.684012
  23200000     17.000721     -6.502744
  23300000     17.158611     -6.291214
  23400000     17.174016     -6.431228
  23500000     17.108504     -6.568210
  23600000     17.305746     -6.470396
  23700000     17.397102     -6.404436
  23800000     17.439730     -6.476198
  23900000     17.571401     -6.290920
  24000000     17.602004     -6.251652
  24100000     17.680023     -6.294789
  24200000     17.752867     -6.420375
  24300000     17.812858     -6.503583
  24400000     17.868231     -6.581699
  24500000     17.984027     -6.386902
  24600000     17.986769     -6.581937
  24700000     18.134077     -6.126315
  24800000     18.163612     -6.059594
  24900000     18.194883     -5.988588
  25000000     18.317208     -6.128766
  25100000     18.387032     -6.048047
  25200000     18.384636     -5.852023
  25300000     18.439657     -5.854319
  25400000     18.517422     -5.855218
  25500000     18.553950     -5.731411
  25600000     18.586457     -5.623652
  25700000     18.669891     -5.688220
  25800000     18.730128     -5.610896
  25900000     18.783182     -5.566292
  26000000     18.865297     -5.577683
  26100000     18.905403     -5.524486
  26200000     18.943964     -5.467817
  26300000     18.984203     -5.381527
  26400000     19.040945     -5.364891
  26500000     19.196141     -5.449517
  26600000     19.258216     -5.400969
  26700000     19.295995     -5.317723
  26800000     19.372098     -5.280278
  26900000     19.440127     -5.282819
  27000000     19.455109     -5.168843
  27100000     19.557260     -5.190485
  27200000     19.636830     -5.166109
  27300000     19.634027     -5.051868
  27400000     19.667193     -4.992444
  27500000     19.685759     -4.935255
  27600000     19.708556     -4.870289
  27700000     19.754502     -4.814585
  27800000     20.123154     -5.179774
  27900000     20.097088     -4.963424
  28000000     20.218994     -4.994467
  28100000     20.305018     -5.009833
  28200000     20.345170     -5.022697
  28300000     20.309693     -4.828093
  28400000     20.489097     -4.940512
  28500000     20.578586     -4.995184
  28600000     20.646497     -4.925199
  28700000     20.741822     -4.904835
  28800000     20.800887     -4.867091
  28900000     20.844590     -4.804340
  29000000     20.844414     -4.732181
  29100000     21.000917     -4.811351
  29200000     21.076562     -4.822793
  29300000     21.140588     -4.787053
  29400000     21.198653     -4.783048
  29500000     21.259689     -4.771864
  29600000     21.327510     -4.758589
  29700000     21.394537     -4.729238
  29800000     21.452982     -4.651289
  29900000     21.541941     -4.748935
  30000000     21.600719     -4.687316
  30100000     21.658050     -4.837356
  30200000     21.722939     -4.863652
  30300000     21.747705     -4.922224
  30400000     21.766324     -4.973124
  30500000     21.808063     -5.025079
  30600000     22.019654     -4.612985
  30700000     22.086754     -4.580761
  30800000     22.170279     -4.626140
  30900000     22.224679     -4.585636
  31000000     22.275070     -4.452583
  31100000     22.329132     -4.421719
  31200000     22.419849     -4.554259
  31300000     22.508354     -4.439350
  31400000     22.610873     -4.671774
  31500000     22.691782     -4.593781
  31600000     22.731381     -4.468014
  31700000     22.853837     -4.670245
  31800000     22.914993     -4.605565
  31900000     22.991793     -4.647689
  32000000     23.048692     -4.638839
  32100000     23.124597     -4.652733
  32200000     23.206121     -4.760520
  32300000     23.290066     -4.632434
  32400000     23.371287     -4.703760
  32500000     23.448611     -4.720407
  32600000     23.516483     -4.768799
  32700000     23.565674     -4.792167
  32800000     23.582375     -4.923819
  32900000     23.625320     -4.956077
  33000000     23.725276     -4.964923
  33100000     23.775545     -5.014123
  33200000     23.820597     -5.081917
  33300000     23.870810     -5.103795
  33400000     23.973905     -5.063949
  33500000     24.020743     -5.119432
  33600000     24.005674     -5.262947
  33700000     24.106439     -5.232592
  33800000     24.174436     -5.273141
  33900000     24.241509     -5.292967
  34000000     24.356356     -5.214160
  34100000     24.387490     -5.293837
  34200000     24.478488     -5.252439
  34300000     24.539951     -5.221229
  34400000     24.605217     -5.282031
  34500000     24.591315     -5.457936
  34600000     24.740233     -5.331247
  34700000     24.791023     -5.409131
  34800000     24.853919     -5.435012
  34900000     24.897161     -5.498139
  35000000     24.965732     -5.502047
  35100000     25.107314     -5.345675
  35200000     25.169472     -5.326469
  35300000     25.157611     -5.566490
  35400000     25.215919     -5.605287
  35500000     25.230735     -5.702498
  35600000     25.254966     -5.770600
  35700000     25.415582     -5.690797
  35800000     25.471755     -5.704056
  35900000     25.485112     -5.836913
  36000000     25.490526     -5.938756
  36100000     25.719316     -5.778331
  36200000     25.781785     -5.811181
  36300000     25.772192     -5.948652
  36400000     25.821773     -5.972249
  36500000     25.765791     -6.092377
  36600000     25.969944     -6.042158
  36700000     25.965019     -6.133091
  36800000     26.022913     -6.184566
  36900000     26.123087     -6.179479
  37000000     26.132655     -6.244080
  37100000     26.177709     -6.300232
  37200000     26.074376     -6.436699
  37300000     26.149922     -6.482241
  37400000     26.214811     -6.523046
  37500000     26.220664     -6.590784
  37600000     26.579379     -6.415234
  37700000     26.592112     -6.493526
  37800000     26.708077     -6.431559
  37900000     26.744450     -6.497190
  38000000     26.824722     -6.493298
  38100000     26.907215     -6.529586
  38200000     26.967100     -6.549604
  38300000     27.066564     -6.448156
  38400000     27.114114     -6.568248
  38500000     27.213968     -6.529675
  38600000     27.252130     -6.646005
  38700000     27.263019     -6.728294
  38800000     27.244818     -6.817193
  38900000     27.277402     -6.871160
  39000000     27.417393     -6.851418
  39100000     27.474504     -6.878746
  39200000     27.625924     -6.834347
  39300000     27.756979     -6.756635
  39400000     27.859007     -6.664127
  39500000     27.920152     -6.672187
  39600000     27.993117     -6.646244
  39700000     28.043634     -6.764084
  39800000     28.097105     -6.801919
  39900000     28.202976     -6.551131
  40000000     28.264580     -6.572980
  40100000     28.300074     -6.530670
  40200000     28.363813     -6.523018
  40300000     28.437786     -6.459702
  40400000     28.526174     -6.498935
  40500000     28.597882     -6.483963
  40600000     28.645820     -6.414558
  40700000     28.725617     -6.483500
  40800000     28.792572     -6.532782
  40900000     28.863177     -6.457512
  41000000     28.936932     -6.391258
  41100000     29.012547     -6.369541
  41200000     29.088659     -6.332642
  41300000     29.143215     -6.340064
  41400000     29.199551     -6.337143
  41500000     29.287040     -6.383881
  41600000     29.352773     -6.387792
  41700000     29.412415     -6.444952
  41800000     29.473527     -6.420178
  41900000     29.570116     -6.413542
  42000000     29.626622     -6.462192
  42100000     29.714597     -6.421965
  42200000     29.763710     -6.363144
  42300000     29.838507     -6.426829
  42400000     29.920999     -6.522180
  42500000     29.972956     -6.588703
  42600000     30.016787     -6.630968
  42700000     30.121232     -6.538307
  42800000     30.174780     -6.465759
  42900000     30.242590     -6.442574
  43000000     30.329320     -6.492638
  43100000     30.394672     -6.550437
  43200000     30.456719     -6.472316
  43300000     30.536131     -6.573907
  43400000     30.615363     -6.466120
  43500000     30.689141     -6.471523
  43600000     30.754413     -6.493656
  43700000     30.808803     -6.334601
  43800000     30.872763     -6.316335
  43900000     30.904239     -6.279846
  44000000     30.979123     -6.518588
  44100000     31.048256     -6.508974
  44200000     31.104424     -6.517051
  44300000     31.192096     -6.514984
  44400000     31.251888     -6.236955
  44500000     31.339630     -6.323314
  44600000     31.400823     -6.240504
  44700000     31.445171     -6.191739
  44800000     31.573595     -6.254617
  44900000     31.646253     -6.230547
  45000000     31.708039     -6.198078
  45100000     31.784775     -6.270993
  45200000     31.854156     -6.236716
  45300000     31.938653     -6.248166
  45400000     32.014790     -6.298171
  45500000     32.079273     -6.303844
  45600000     32.169459     -6.285035
  45700000     32.239792     -6.340877
  45800000     32.317092     -6.288969
  45900000     32.377770     -6.295004
  46000000     32.436727     -6.229445
  46100000     32.503123     -6.152778
  46200000     32.552930     -6.087354
  46300000     32.592212     -6.038667
  46400000     32.683677     -6.056423
  46500000     32.714243     -6.009313
  46600000     32.822081     -6.076196
  46700000     32.887765     -6.053663
  46800000     32.966203     -6.061345
  46900000     33.051231     -6.059688
  47000000     33.113574     -6.126710
  47100000     33.185117     -6.122178
  47200000     33.244391     -6.127451
  47300000     33.321730     -6.092093
  47400000     33.392696     -6.053738
  47500000     33.459911     -5.983093
  47600000     33.530918     -5.929747
  47700000     33.602552     -6.048789
  47800000     33.668305     -6.140303
  47900000     33.727221     -6.138409
  48000000     33.776852     -6.172890
  48100000     33.875769     -6.050456
  48200000     33.958103     -6.024244
  48300000     34.007850     -5.962260
  48400000     34.114563     -5.840144
  48500000     34.181332     -5.864074
  48600000     34.245498     -5.850699
  48700000     34.339258     -5.873166
  48800000     34.349415     -5.641716
  48900000     34.439285     -5.660064
  49000000     34.495082     -5.658926
  49100000     34.544987     -5.670518
  49200000     34.539382     -5.524623
  49300000     34.772808     -5.741826
  49400000     34.800498     -5.666263
  49500000     34.880969     -5.679495
  49600000     34.978274     -5.785179
  49700000     35.042009     -5.688266
  49800000     35.027961     -5.500368
  49900000     35.068723     -5.452420
  50000000     35.165232     -5.457710
