         0      3.000000      0.000000
    100000      3.063911      0.055216
    200000      3.120111     -0.008020
    300000      3.183702      0.057088
    400000      3.263102      0.066146
    500000      3.333344      0.045257
    600000      3.388372      0.005354
    700000      3.459746     -0.187988
    800000      3.533541     -0.150395
    900000      3.600064     -0.133395
   1000000      3.648701     -0.249444
   1100000      3.639670     -0.445539
   1200000      3.753968     -0.364781
   1300000      3.811640     -0.384396
   1400000      3.884679     -0.392759
   1500000      3.986771     -0.258533
   1600000      4.055060     -0.207630
   1700000      4.099480     -0.298691
   1800000      4.175399     -0.234054
   1900000      4.206442     -0.108452
   2000000      4.263410     -0.137607
   2100000      4.315639     -0.168716
   2200000      4.360105     -0.081889
   2300000      4.422991     -0.070447
   2400000      4.492108     -0.023365
   2500000      4.560369      0.007035
   2600000      4.644345     -0.057405
   2700000      4.714818     -0.028392
   2800000      4.833536     -0.269732
   2900000      4.922702     -0.258563
   3000000      4.984153     -0.404871
   3100000      5.052313     -0.444621
   3200000      5.108767     -0.448188
   3300000      5.163309     -0.573450
   3400000      5.198155     -0.444918
   3500000      5.248474     -0.381036
   3600000      5.279957     -0.338970
   3700000      5.294362     -0.254815
   3800000      5.336005     -0.196870
   3900000      5.403606     -0.177595
   4000000      5.509628     -0.199276
   4100000      5.664623     -0.330666
   4200000      5.713818     -0.280176
   4300000      5.732434     -0.159540
   4400000      5.878485     -0.295611
   4500000      5.938169     -0.202725
   4600000      6.007095     -0.216369
   4700000      6.088344     -0.266370
   4800000      6.159204     -0.262258
   4900000      6.204718     -0.142156
   5000000      6.283573     -0.125342
   5100000      6.347467     -0.138061
   5200000      6.422740     -0.081183
   5300000      6.495547     -0.068185
   5400000      6.560019     -0.101429
   5500000      6.579402      0.080546
   5600000      6.663345      0.053121
   5700000      6.733134      0.051207
   5800000      6.850558     -0.050605
   5900000      6.908888     -0.074123
   6000000      6.979660     -0.197430
   6100000      6.986405     -0.325700
   6200000      7.133562     -0.133986
   6300000      7.173572     -0.039751
   6400000      7.212218     -0.430867
   6500000      7.314472     -0.402940
   6600000      7.437029     -0.101751
   6700000      7.492880     -0.077977
   6800000      7.549335     -0.088700
   6900000      7.575802     -0.416126
   7000000      7.622066     -0.453586
   7100000      7.611985     -0.588674
   7200000      7.629318     -0.668062
   7300000      7.662100     -0.734113
   7400000      7.676075     -0.827314
   7500000      7.660241     -0.922277
   7600000      7.779870     -0.906566
   7700000      7.771155     -1.032161
   7800000      7.733135     -1.135569
   7900000      7.810441     -1.167571
   8000000      7.883577     -1.179140
   8100000      7.968313     -1.172155
   8200000      7.988956     -1.229609
   8300000      8.099171     -1.231754
   8400000      8.103668     -1.351893
   8500000      8.210222     -1.301014
   8600000      8.259608     -1.384719
   8700000      8.290047     -1.464178
   8800000      8.408138     -1.427214
   8900000      8.360618     -1.620249
   9000000      8.442787     -1.614852
   9100000      8.442690     -1.744271
   9200000      8.525934     -1.772623
   9300000      8.472748     -1.887279
   9400000      8.658708     -1.824925
   9500000      8.734276     -1.816935
   9600000      8.763878     -1.905779
   9700000      8.785601     -1.976665
   9800000      8.899582     -1.959215
   9900000      9.017247     -1.856665
  10000000      9.080003     -1.774132
  10100000      9.143457     -1.857590
  10200000      9.235455     -1.854302
  10300000      9.299684     -1.612269
  10400000      9.390295     -1.657414
  10500000      9.461535     -1.657689
  10600000      9.455031     -1.434705
  10700000      9.546784     -1.454286
  10800000      9.605342     -1.431971
  10900000      9.693370     -1.585855
  11000000      9.761152     -1.522396
  11100000      9.843691     -1.546518
  11200000      9.920102     -1.534844
  11300000      9.934504     -1.429505
  11400000     10.068784     -1.585808
  11500000     10.143395     -1.707979
  11600000     10.216150     -1.761172
  11700000     10.291766     -1.725454
  11800000     10.361090     -1.632610
  11900000     10.428284     -1.661995
  12000000     10.485122     -1.860305
  12100000     10.536796     -1.929144
  12200000     10.617557     -1.840880
  12300000     10.742564     -1.740662
  12400000     10.809739     -1.604209
  12500000     10.853490     -1.410745
  12600000     10.850037     -1.285832
  12700000     11.012208     -1.568265
  12800000     11.092177     -1.542394
  12900000     11.152106     -1.622923
  13000000     11.220787     -1.485796
  13100000     11.300194     -1.668240
  13200000     11.355727     -1.749794
  13300000     11.395155     -1.805191
  13400000     11.461204     -1.861246
  13500000     11.550913     -1.880941
  13600000     11.609487     -1.859071
  13700000     11.714896     -1.877179
  13800000     11.773834     -1.853309
  13900000     11.877862     -1.935472
  14000000     11.957750     -1.940371
  14100000     11.977312     -2.027096
  14200000     12.108525     -1.879288
  14300000     12.175626     -1.836499
  14400000     12.221266     -2.060006
  14500000     12.309703     -2.011305
  14600000     12.370523     -2.065755
  14700000     12.408083     -2.077748
  14800000     12.466912     -2.148609
  14900000     12.515206     -2.251938
  15000000     12.603699     -2.172884
  15100000     12.647084     -2.253184
  15200000     12.644496     -2.423112
  15300000     12.657834     -2.492025
  15400000     12.749234     -2.488389
  15500000     12.770403     -2.590476
  15600000     12.820367     -2.620780
  15700000     12.878072     -2.677306
  15800000     12.991642     -2.596086
  15900000     13.099672     -2.538980
  16000000     13.124877     -2.646477
  16100000     13.214274     -2.530316
  16200000     13.283487     -2.608779
  16300000     13.342661     -2.667749
  16400000     13.363019     -2.797934
  16500000     13.401516     -2.863343
  16600000     13.520612     -2.775926
  16700000     13.604600     -2.652647
  16800000     13.670165     -2.733452
  16900000     13.766211     -2.726957
  17000000     13.822610     -2.744533
  17100000     13.887370     -2.703316
  17200000     13.946281     -2.579882
  17300000     14.020555     -2.570540
  17400000     14.099353     -2.687556
  17500000     14.171010     -2.496510
  17600000     14.304341     -2.693068
  17700000     14.351941     -2.735116
  17800000     14.458465     -2.664732
  17900000     14.509201     -2.638359
  18000000     14.564493     -2.720639
  18100000     14.642421     -2.655956
  18200000     14.721538     -2.698409
  18300000     14.780076     -2.652178
  18400000     14.843419     -2.634910
  18500000     14.906122     -2.857427
  18600000     15.017092     -2.764768
  18700000     15.084904     -2.745275
  18800000     15.158304     -2.664777
  18900000     15.228108     -2.680426
  19000000     15.305725     -2.589682
  19100000     15.348747     -2.691939
  19200000     15.426267     -2.710813
  19300000     15.477631     -2.762719
  19400000     15.495386     -2.845502
  19500000     15.521778     -2.936958
  19600000     15.597594     -2.933927
  19700000     15.728130     -2.863610
  19800000     15.803008     -2.863740
  19900000     15.791257     -3.037987
  20000000     15.838337     -3.092602
  20100000     15.870933     -3.155379
  20200000     15.872647     -3.246653
  20300000     15.908726     -3.296891
  20400000     16.098677     -3.255717
  20500000     16.182219     -3.219105
  20600000     16.232269     -3.284040
  20700000     16.288201     -3.352340
  20800000     16.355590     -3.348419
  20900000     16.414364     -3.383107
  21000000     16.445735     -3.514453
  21100000     16.523208     -3.539049
  21200000     16.567110     -3.594805
  21300000     16.552705     -3.677816
  21400000     16.633912     -3.694095
  21500000     16.713346     -3.675492
  21600000     16.594997     -3.904530
  21700000     16.649932     -3.945009
  21800000     16.669147     -3.990693
  21900000     16.878559     -3.796690
  22000000     16.967943     -3.748149
  22100000     17.024911     -3.782341
  22200000     17.106599     -3.691979
  22300000     17.172595     -3.753016
  22400000     17.066064     -4.226289
  22500000     17.080097     -4.320299
  22600000     17.147452     -4.376499
  22700000     17.236766     -4.380857
  22800000     17.211612     -4.509857
  22900000     17.167388     -4.624740
  23000000     17.408982     -4.542761
  23100000     17.507756     -4.521830
  23200000     17.535638     -4.600237
  23300000     17.613200     -4.578995
  23400000     17.661474     -4.552567
  23500000     17.701510     -4.679499
  23600000     17.760940     -4.752619
  23700000     17.817724     -4.792142
  23800000     17.884357     -4.782818
  23900000     17.826209     -5.015895
  24000000     17.871694     -5.101627
  24100000     17.960346     -5.094477
  24200000     18.011239     -5.162618
  24300000     18.101593     -5.102122
  24400000     18.142276     -5.187565
  24500000     18.136746     -5.347497
  24600000     18.139273     -5.399499
  24700000     18.143422     -5.463883
  24800000     18.214312     -5.492984
  24900000     18.311364     -5.505183
  25000000     18.544451     -5.335142
  25100000     18.600608     -5.372035
  25200000     18.684759     -5.321662
  25300000     18.744013     -5.408525
  25400000     18.804534     -5.439121
  25500000     18.860973     -5.471705
  25600000     18.932880     -5.475251
  25700000     18.988988     -5.484260
  25800000     19.108765     -5.416221
  25900000     19.139744     -5.527691
  26000000     19.208145     -5.543138
  26100000     19.224664     -5.625571
  26200000     19.272154     -5.658936
  26300000     19.383735     -5.655103
  26400000     19.462686     -5.646348
  26500000     19.509219     -5.693176
  26600000     19.656061     -5.577021
  26700000     19.747970     -5.544059
  26800000     19.809627     -5.600402
  26900000     19.883961     -5.597230
  27000000     19.977619     -5.577281
  27100000     20.048428     -5.576229
  27200000     20.101341     -5.666397
  27300000     20.132512     -5.711825
  27400000     20.229027     -5.655526
  27500000     20.346427     -5.424683
  27600000     20.397001     -5.391266
  27700000     20.458861     -5.492432
  27800000     20.523118     -5.501576
  27900000     20.597477     -5.456062
  28000000     20.670339     -5.583290
  28100000     20.717738     -5.367471
  28200000     20.802466     -5.514718
  28300000     20.873388     -5.498206
  28400000     20.916688     -5.302384
  28500000     20.992783     -5.340443
  28600000     21.091210     -5.334316
  28700000     21.141852     -5.381673
  28800000     21.164139     -5.163752
  28900000     21.207248     -5.044779
  29000000     21.298087     -5.053937
  29100000     21.388343     -5.065426
  29200000     21.425153     -4.999864
  29300000     21.472008     -4.968496
  29400000     21.514630     -4.920708
  29500000     21.598167     -4.965908
  29600000     21.711406     -5.006751
  29700000     21.802163     -5.035438
  29800000     21.894949     -5.055944
  29900000     21.954070     -5.062774
  30000000     22.028403     -5.099839
  30100000     22.090924     -5.201606
  30200000     22.161825     -5.223627
  30300000     22.238790     -5.143316
  30400000     22.295130     -5.104916
  30500000     22.368071     -5.136642
  30600000     22.427857     -5.119093
  30700000     22.489831     -5.105504
  30800000     22.555801     -4.983124
  30900000     22.605266     -4.920813
  31000000     22.709904     -5.105116
  31100000     22.770399     -5.132826
  31200000     22.835697     -5.053207
  31300000     22.887376     -5.159981
  31400000     22.952421     -5.021178
  31500000     23.021813     -4.969858
  31600000     23.085859     -5.072862
  31700000     23.131137     -5.202624
  31800000     23.255441     -5.027219
  31900000     23.304756     -4.962623
  32000000     23.379937     -5.033635
  32100000     23.458396     -5.179858
  32200000     23.503007     -5.202096
  32300000     23.539618     -5.318122
  32400000     23.627482     -5.235509
  32500000     23.693661     -5.295480
  32600000     23.688350     -5.395239
  32700000     23.850119     -5.199554
  32800000     23.916882     -5.188136
  32900000     23.964791     -5.044956
  33000000     24.041039     -5.041074
  33100000     24.094691     -5.039580
  33200000     24.220046     -5.075934
  33300000     24.283324     -5.074419
  33400000     24.324543     -5.035381
  33500000     24.409540     -5.198424
  33600000     24.495006     -5.135643
  33700000     24.570979     -5.097341
  33800000     24.628685     -5.116440
  33900000     24.687478     -5.126312
  34000000     24.736729     -5.139992
  34100000     24.852821     -5.038341
  34200000     24.865559     -5.228932
  34300000     24.941318     -5.222526
  34400000     25.001282     -5.328152
  34500000     25.076697     -5.254068
  34600000     25.129209     -5.357419
  34700000     25.206654     -5.352949
  34800000     25.271244     -5.375428
  34900000     25.305433     -5.445234
  35000000     25.387666     -5.435818
  35100000     25.461195     -5.467920
  35200000     25.612240     -5.303542
  35300000     25.689984     -5.209118
  35400000     25.765522     -5.341434
  35500000     25.866294     -5.235383
  35600000     25.955164     -5.105539
  35700000     26.009936     -5.094863
  35800000     26.074119     -5.148239
  35900000     26.137876     -5.072473
  36000000     26.198976     -5.097665
  36100000     26.248599     -5.072341
  36200000     26.308609     -4.992782
  36300000     26.374400     -4.997830
  36400000     26.416466     -4.924209
  36500000     26.536703     -5.210944
  36600000     26.598267     -5.229941
  36700000     26.660424     -5.144466
  36800000     26.740913     -5.152187
  36900000     26.836538     -5.212999
  37000000     26.872061     -5.359210
  37100000     26.973745     -5.268157
  37200000     27.029158     -5.264214
  37300000     27.050012     -5.330051
  37400000     27.146844     -5.323658
  37500000     27.173712     -5.419075
  37600000     27.294040     -5.246773
  37700000     27.382655     -5.243383
  37800000     27.428578     -5.371204
  37900000     27.546058     -5.205457
  38000000     27.607088     -5.266353
  38100000     27.656621     -5.318423
  38200000     27.762938     -5.248137
  38300000     27.834632     -5.222978
  38400000     27.873101     -5.168505
  38500000     27.959160     -5.239157
  38600000     28.015392     -5.347478
  38700000     28.097328     -5.212629
  38800000     28.171462     -5.171487
  38900000     28.229194     -5.194896
  39000000     28.304430     -5.240451
  39100000     28.374278     -5.232808
  39200000     28.453906     -5.337791
  39300000     28.517348     -5.281105
  39400000     28.583740     -5.211239
  39500000     28.612779     -5.081979
  39600000     28.732921     -5.217149
  39700000     28.801441     -5.229536
  39800000     28.869480     -5.299195
  39900000     28.937848     -5.392445
  40000000     29.006598     -5.334730
  40100000     29.060162     -5.314887
  40200000     29.142601     -5.370275
  40300000     29.210181     -5.374806
  40400000     29.267076     -5.311528
  40500000     29.318701     -5.355332
  40600000     29.324338     -5.128191
  40700000     29.397008     -5.137581
  40800000     29.449360     -5.129184
  40900000     29.510332     -5.075211
  41000000     29.579630     -5.181329
  41100000     29.604124     -4.971592
  41200000     29.660488     -4.940919
  41300000     29.742383     -4.937730
  41400000     29.820232     -4.956301
  41500000     29.891432     -4.915760
  41600000     30.026685     -5.029138
  41700000     30.098363     -5.026695
  41800000     30.148967     -4.971070
  41900000     30.165634     -4.827206
  42000000     30.249741     -4.842110
  42100000     30.243400     -4.686175
  42200000     30.290269     -4.658537
  42300000     30.483802     -4.837212
  42400000     30.493069     -4.761961
  42500000     30.653664     -4.872946
  42600000     30.718496     -4.959103
  42700000     30.786029     -5.021087
  42800000     30.854316     -5.003278
  42900000     30.910253     -5.017500
  43000000     30.993922     -4.966672
  43100000     31.075106     -4.954716
  43200000     31.144112     -4.966970
  43300000     31.201002     -5.002162
  43400000     31.289681     -5.029160
  43500000     31.332267     -4.921765
  43600000     31.379890     -5.192244
  43700000     31.430323     -5.308654
  43800000     31.483739     -5.355412
  43900000     31.561196     -5.353431
  44000000     31.629242     -5.368899
  44100000     31.676350     -5.426431
  44200000     31.713031     -5.487887
  44300000     31.796646     -5.507472
  44400000     31.885509     -5.490883
  44500000     31.930728     -5.546820
  44600000     31.879392     -5.744092
  44700000     32.030172     -5.653669
  44800000     32.082722     -5.702020
  44900000     32.178078     -5.648021
  45000000     32.246950     -5.620930
  45100000     32.296137     -5.716241
  45200000     32.302413     -5.848601
  45300000     32.403061     -5.811229
  45400000     32.438775     -5.884349
  45500000     32.527108     -5.846561
  45600000     32.593688     -5.897589
  45700000     32.638204     -5.944497
  45800000     32.714540     -5.934894
  45900000     32.774321     -5.977331
  46000000     32.826120     -5.998787
  46100000     32.909147     -6.001827
  46200000     33.005483     -5.911107
  46300000     33.076692     -5.973361
  46400000     33.137624     -5.912088
  46500000     33.201878     -5.908444
  46600000     33.281754     -5.888156
  46700000     33.346863     -5.838488
  46800000     33.410517     -5.921537
  46900000     33.490201     -5.956592
  47000000     33.551487     -5.889500
  47100000     33.593179     -6.040339
  47200000     33.652947     -6.022693
  47300000     33.742067     -5.963785
  47400000     33.829451     -5.928898
  47500000     33.878841     -5.988753
  47600000     33.978522     -5.867700
  47700000     34.030755     -5.890417
  47800000     34.087965     -5.855864
  47900000     34.151463     -5.848355
  48000000     34.215137     -5.891392
  48100000     34.289920     -5.784049
  48200000     34.344157     -5.761798
  48300000     34.402906     -5.813031
  48400000     34.487570     -5.776925
  48500000     34.575602     -5.783701
  48600000     34.658200     -5.781925
  48700000     34.712964     -5.779312
  48800000     34.781250     -5.800539
  48900000     34.846570     -5.791742
  49000000     34.917568     -5.757458
  49100000     34.976596     -5.873690
  49200000     35.059468     -5.848739
  49300000     35.158862     -5.764408
  49400000     35.207618     -5.790055
  49500000     35.294130     -5.856397
  49600000     35.373840     -5.805899
  49700000     35.426004     -5.900361
  49800000     35.481398     -5.921023
  49900000     35.531292     -6.066275
  50000000     35.592879     -6.063286
