         0      3.000000      0.000000
    100000      3.058452      0.002080
    200000      3.130723     -0.096671
    300000      3.194127      0.020921
    400000      3.263150     -0.079411
    500000      3.311307      0.007200
    600000      3.326714      0.073967
    700000      3.433260      0.016563
    800000      3.476129      0.139710
    900000      3.598263     -0.032272
   1000000      3.662475      0.053375
   1100000      3.743994      0.005593
   1200000      3.809631      0.074645
   1300000      3.877279     -0.031714
   1400000      3.959268     -0.004227
   1500000      4.033578     -0.096377
   1600000      4.086804     -0.226748
   1700000      4.131475     -0.291929
   1800000      4.143131     -0.405397
   1900000      4.236332     -0.429624
   2000000      4.288131     -0.463304
   2100000      4.335827     -0.509982
   2200000      4.361989     -0.584532
   2300000      4.427344     -0.618991
   2400000      4.425364     -0.688734
   2500000      4.481422     -0.720107
   2600000      4.512901     -0.792298
   2700000      4.572789     -0.836223
   2800000      4.708432     -0.783230
   2900000      4.830676     -0.764972
   3000000      4.882550     -0.802199
   3100000      4.817482     -0.892287
   3200000      5.040572     -0.808600
   3300000      5.126842     -0.797189
   3400000      5.181540     -0.777900
   3500000      5.210137     -0.864991
   3600000      5.156167     -1.101287
   3700000      5.180431     -1.154660
   3800000      5.240939     -1.215207
   3900000      5.249055     -1.274667
   4000000      5.319144     -1.306692
   4100000      5.354264     -1.348329
   4200000      5.317024     -1.444921
   4300000      5.323408     -1.516872
   4400000      5.335253     -1.577484
   4500000      5.423604     -1.624524
   4600000      5.510003     -1.648087
   4700000      5.545488     -1.649426
   4800000      5.587178     -1.749997
   4900000      5.625699     -1.794718
   5000000      5.576367     -1.911882
   5100000      5.608867     -1.972794
   5200000      5.720221     -2.007363
   5300000      5.780071     -2.049351
   5400000      5.798278     -2.101247
   5500000      5.822565     -2.157704
   5600000      5.496231     -2.267449
   5700000      5.807044     -2.301760
   5800000      5.772763     -2.369181
   5900000      5.968986     -2.357370
   6000000      5.837140     -2.527516
   6100000      5.807904     -2.606205
   6200000      6.016439     -2.624925
   6300000      6.120650     -2.634982
   6400000      6.190493     -2.665849
   6500000      6.275639     -2.670073
   6600000      6.295124     -2.734524
   6700000      6.283326     -2.837773
   6800000      6.414048     -2.817686
   6900000      6.489570     -2.833890
   7000000      6.525904     -2.897108
   7100000      6.673232     -2.816524
   7200000      6.717716     -2.861239
   7300000      6.792570     -2.832164
   7400000      6.887594     -2.833372
   7500000      6.853494     -3.034708
   7600000      6.853732     -3.133591
   7700000      6.852630     -3.216773
   7800000      6.815427     -3.285461
   7900000      6.856425     -3.344885
   8000000      6.846592     -3.432435
   8100000      6.857928     -3.483699
   8200000      6.894931     -3.554277
   8300000      7.122152     -3.464338
   8400000      7.195205     -3.486411
   8500000      7.202158     -3.588707
   8600000      7.328205     -3.560666
   8700000      7.449200     -3.556426
   8800000      7.511282     -3.591337
   8900000      7.545771     -3.656744
   9000000      7.559107     -3.716221
   9100000      7.690687     -3.640882
   9200000      7.730479     -3.710001
   9300000      7.734294     -3.851358
   9400000      7.769172     -3.889402
   9500000      7.683990     -4.056420
   9600000      7.770975     -4.096785
   9700000      7.813379     -4.148743
   9800000      7.794227     -4.241888
   9900000      7.894004     -4.250963
  10000000      7.908332     -4.338747
  10100000      7.959815     -4.381205
  10200000      8.044228     -4.405915
  10300000      8.107070     -4.428295
  10400000      8.218253     -4.409120
  10500000      8.253386     -4.484842
  10600000      8.317398     -4.514495
  10700000      8.275509     -4.663155
  10800000      8.386825     -4.642429
  10900000      8.499963     -4.574982
  11000000      8.599610     -4.509853
  11100000      8.641571     -4.595220
  11200000      8.699119     -4.681328
  11300000      8.748852     -4.733417
  11400000      8.792724     -4.797863
  11500000      8.861023     -4.842785
  11600000      8.898515     -4.901227
  11700000      8.991258     -4.881607
  11800000      9.036057     -4.987874
  11900000      9.075441     -5.039123
  12000000      9.171548     -5.025801
  12100000      9.248425     -4.984110
  12200000      9.272836     -5.176559
  12300000      9.265668     -5.279048
  12400000      9.319860     -5.329339
  12500000      9.421652     -5.291296
  12600000      9.549089     -5.280326
  12700000      9.535244     -5.421718
  12800000      9.686294     -5.333237
  12900000      9.765581     -5.307433
  13000000      9.781239     -5.433836
  13100000      9.856152     -5.450703
  13200000      9.768058     -5.657729
  13300000      9.769684     -5.724294
  13400000      9.992531     -5.601374
  13500000     10.038205     -5.657809
  13600000     10.000414     -5.775692
  13700000     10.120335     -5.771373
  13800000     10.100195     -5.850953
  13900000     10.316282     -5.749779
  14000000     10.395555     -5.699083
  14100000     10.468011     -5.642328
  14200000     10.546396     -5.645987
  14300000     10.591601     -5.525966
  14400000     10.664163     -5.499102
  14500000     10.691438     -5.431994
  14600000     10.696529     -5.388555
  14700000     10.822797     -5.490259
  14800000     10.877521     -5.485283
  14900000     10.949749     -5.463887
  15000000     11.028284     -5.447373
  15100000     11.105608     -5.488082
  15200000     11.141994     -5.402583
  15300000     11.158967     -5.298858
  15400000     11.256312     -5.340066
  15500000     11.297724     -5.337009
  15600000     11.422423     -5.566316
  15700000     11.497788     -5.416092
  15800000     11.567684     -5.416011
  15900000     11.619795     -5.359816
  16000000     11.686523     -5.378751
  16100000     11.738032     -5.334320
  16200000     11.814842     -5.350483
  16300000     11.838510     -5.253979
  16400000     11.871222     -5.200401
  16500000     11.958643     -5.207358
  16600000     11.994566     -5.152172
  16700000     12.058783     -5.141073
  16800000     12.083732     -5.078107
  16900000     12.115857     -4.998518
  17000000     12.142165     -4.911214
  17100000     12.122440     -4.789176
  17200000     12.113814     -4.737200
  17300000     12.194456     -4.738179
  17400000     12.182891     -4.654811
  17500000     12.361505     -4.656564
  17600000     12.411358     -4.611663
  17700000     12.548323     -4.654433
  17800000     12.492223     -4.520938
  17900000     12.594769     -4.529724
  18000000     12.649929     -4.487387
  18100000     12.638934     -4.397894
  18200000     12.825549     -4.473697
  18300000     12.936774     -4.536446
  18400000     12.984230     -4.500825
  18500000     13.054896     -4.475434
  18600000     13.046859     -4.329821
  18700000     13.231612     -4.471167
  18800000     13.298241     -4.431833
  18900000     13.387621     -4.466662
  19000000     13.444956     -4.418342
  19100000     13.501405     -4.378108
  19200000     13.563606     -4.341304
  19300000     13.661262     -4.386515
  19400000     13.705077     -4.387630
  19500000     13.828669     -4.542057
  19600000     13.893458     -4.483872
  19700000     13.933358     -4.319770
  19800000     13.972842     -4.276174
  19900000     14.072241     -4.457980
  20000000     14.161820     -4.444894
  20100000     14.202940     -4.319424
  20200000     14.277299     -4.324844
  20300000     14.349262     -4.431256
  20400000     14.416029     -4.381129
  20500000     14.484859     -4.367776
  20600000     14.562480     -4.303064
  20700000     14.623695     -4.336512
  20800000     14.682809     -4.440976
  20900000     14.759594     -4.405812
  21000000     14.829152     -4.362149
  21100000     14.874068     -4.469237
  21200000     14.906236     -4.550331
  21300000     15.030022     -4.413847
  21400000     15.084652     -4.483943
  21500000     15.155850     -4.533071
  21600000     15.246409     -4.522759
  21700000     15.313153     -4.523988
  21800000     15.384036     -4.552172
  21900000     15.437550     -4.549558
  22000000     15.492388     -4.628912
  22100000     15.535815     -4.679739
  22200000     15.568740     -4.742080
  22300000     15.557335     -4.826599
  22400000     15.585303     -4.870309
  22500000     15.573803     -4.957355
  22600000     15.533468     -5.022269
  22700000     15.688957     -5.039856
  22800000     15.721093     -5.088379
  22900000     15.726073     -5.158371
  23000000     15.693543     -5.241857
  23100000     15.964294     -5.186422
  23200000     15.916858     -5.247845
  23300000     16.041646     -5.253132
  23400000     16.245030     -5.186492
  23500000     16.325354     -5.213055
  23600000     16.349742     -5.298710
  23700000     16.390807     -5.346403
  23800000     16.436615     -5.389979
  23900000     16.477884     -5.463650
  24000000     16.599199     -5.441974
  24100000     16.644765     -5.460241
  24200000     16.537100     -5.646753
  24300000     16.603596     -5.659552
  24400000     16.712102     -5.628041
  24500000     16.713733     -5.748956
  24600000     16.811379     -5.701395
  24700000     16.882001     -5.737982
  24800000     16.984016     -5.771627
  24900000     17.078089     -5.687750
  25000000     17.129861     -5.770195
  25100000     17.197603     -5.742249
  25200000     17.231464     -5.835691
  25300000     17.341418     -5.675623
  25400000     17.375241     -5.813237
  25500000     17.450506     -5.802123
  25600000     17.547519     -5.706596
  25700000     17.619482     -5.670707
  25800000     17.677418     -5.606036
  25900000     17.739286     -5.860605
  26000000     17.834468     -5.830840
  26100000     17.885998     -5.829930
  26200000     17.984564     -5.657398
  26300000     18.053816     -5.625951
  26400000     18.123596     -5.650172
  26500000     18.199551     -5.581222
  26600000     18.265709     -5.582949
  26700000     18.309993     -5.466530
  26800000     18.310510     -5.343307
  26900000     18.392925     -5.329388
  27000000     18.535066     -5.503084
  27100000     18.480169     -5.046196
  27200000     18.527645     -4.967399
  27300000     18.525054     -4.855570
  27400000     18.643759     -4.843308
  27500000     18.450295     -4.643222
  27600000     18.459244     -4.581868
  27700000     18.491890     -4.521898
  27800000     18.536333     -4.451691
  27900000     18.516269     -4.392082
  28000000     18.545072     -4.289706
  28100000     18.546421     -4.214212
  28200000     18.798340     -4.244813
  28300000     18.847174     -4.209527
  28400000     18.861786     -4.128054
  28500000     18.899676     -4.092487
  28600000     18.826934     -3.985649
  28700000     18.818127     -3.912118
  28800000     18.743791     -3.827589
  28900000     18.905401     -3.762606
  29000000     19.058378     -3.737805
  29100000     19.127643     -3.699005
  29200000     19.093805     -3.619085
  29300000     19.182788     -3.595609
  29400000     19.256395     -3.557677
  29500000     19.284731     -3.481601
  29600000     19.241415     -3.410571
  29700000     19.391325     -3.401088
  29800000     19.517170     -3.438480
  29900000     19.587812     -3.374220
  30000000     19.739121     -3.449232
  30100000     19.782777     -3.463319
  30200000     19.789704     -3.323665
  30300000     19.882421     -3.370662
  30400000     19.936181     -3.331773
  30500000     20.037004     -3.395936
  30600000     20.105887     -3.389038
  30700000     20.182887     -3.381858
  30800000     20.232449     -3.351019
  30900000     20.311717     -3.365994
  31000000     20.392064     -3.362142
  31100000     20.447251     -3.264312
  31200000     20.518430     -3.309071
  31300000     20.566615     -3.279282
  31400000     20.657267     -3.368314
  31500000     20.703367     -3.336685
  31600000     20.774562     -3.267701
  31700000     20.829870     -3.382716
  31800000     20.916832     -3.372078
  31900000     20.996132     -3.347475
  32000000     21.064315     -3.309624
  32100000     21.135129     -3.177183
  32200000     21.206736     -3.196149
  32300000     21.226315     -3.050524
  32400000     21.259477     -2.985522
  32500000     21.364364     -3.056195
  32600000     21.415484     -2.986260
  32700000     21.470697     -2.945918
  32800000     21.501769     -2.829273
  32900000     21.535253     -2.784578
  33000000     21.632972     -2.819624
  33100000     21.738413     -2.926482
  33200000     21.799555     -2.916376
  33300000     21.909340     -3.058023
  33400000     21.990720     -3.202110
  33500000     21.972931     -3.477104
  33600000     22.090291     -3.258357
  33700000     22.144099     -3.431193
  33800000     22.163922     -3.498006
  33900000     22.181401     -3.570855
  34000000     22.274875     -3.584010
  34100000     22.413281     -3.511256
  34200000     22.426114     -3.600184
  34300000     22.410349     -3.693818
  34400000     22.463476     -3.768518
  34500000     22.710716     -3.574754
  34600000     22.763847     -3.622941
  34700000     22.813649     -3.644783
  34800000     22.921333     -3.583460
  34900000     23.010337     -3.517567
  35000000     23.082272     -3.499265
  35100000     23.166513     -3.455629
  35200000     23.269210     -3.400955
  35300000     23.325994     -3.377741
  35400000     23.389797     -3.315191
  35500000     23.439294     -3.272407
  35600000     23.507987     -3.199180
  35700000     23.613760     -3.245593
  35800000     23.699090     -3.310342
  35900000     23.762980     -3.379976
  36000000     23.842324     -3.243745
  36100000     23.902195     -3.203339
  36200000     23.982161     -3.230525
  36300000     23.971206     -3.039764
  36400000     24.064571     -3.051894
  36500000     24.163198     -3.165020
  36600000     24.165909     -3.005288
  36700000     24.180742     -2.918270
  36800000     24.293094     -2.927859
  36900000     24.338370     -2.890453
  37000000     24.402336     -2.890928
  37100000     24.461920     -2.819975
  37200000     24.552236     -2.823598
  37300000     24.669859     -2.874902
  37400000     24.785284     -3.236742
  37500000     24.881546     -3.080202
  37600000     24.930116     -3.305522
  37700000     25.001603     -3.274950
  37800000     25.029122     -3.400139
  37900000     25.116547     -3.387568
  38000000     25.152825     -3.472059
  38100000     25.209538     -3.539140
  38200000     25.334187     -3.441645
  38300000     25.381536     -3.497890
  38400000     25.454264     -3.510956
  38500000     25.504925     -3.570573
  38600000     25.570284     -3.566383
  38700000     25.599891     -3.639118
  38800000     25.650685     -3.661705
  38900000     25.721143     -3.676914
  39000000     25.736434     -3.816444
  39100000     25.875153     -3.708793
  39200000     25.912677     -3.771512
  39300000     25.948801     -3.859280
  39400000     26.091456     -3.777599
  39500000     26.090651     -3.890424
  39600000     26.110316     -3.999403
  39700000     26.105726     -4.062057
  39800000     26.154439     -4.104686
  39900000     26.133691     -4.166703
  40000000     26.237135     -4.177214
  40100000     26.269084     -4.234992
  40200000     26.380664     -4.233894
  40300000     26.416406     -4.276161
  40400000     26.544379     -4.255251
  40500000     26.744342     -4.008696
  40600000     26.698189     -4.315466
  40700000     26.794704     -4.281781
  40800000     26.873432     -4.293605
  40900000     26.941300     -4.303119
  41000000     27.001261     -4.350352
  41100000     27.004454     -4.474596
  41200000     27.141191     -4.413270
  41300000     27.121639     -4.527950
  41400000     27.062532     -4.659121
  41500000     27.093119     -4.722364
  41600000     27.316985     -4.646148
  41700000     27.395049     -4.679251
  41800000     27.432664     -4.722101
  41900000     27.368446     -4.854061
  42000000     27.552062     -4.803558
  42100000     27.672716     -4.779771
  42200000     27.763139     -4.790581
  42300000     27.835613     -4.798539
  42400000     27.816812     -4.971732
  42500000     27.879601     -5.017198
  42600000     27.976977     -4.948729
  42700000     28.027228     -5.050538
  42800000     28.064594     -5.111654
  42900000     28.112145     -5.183089
  43000000     28.243962     -5.112662
  43100000     28.294576     -5.213055
  43200000     28.406190     -5.140374
  43300000     28.413816     -5.257750
  43400000     28.511984     -5.232294
  43500000     28.536854     -5.323861
  43600000     28.576232     -5.385684
  43700000     28.632678     -5.373892
  43800000     28.684126     -5.440579
  43900000     28.710530     -5.525322
  44000000     28.751832     -5.560158
  44100000     28.738039     -5.702480
  44200000     28.901292     -5.501804
  44300000     28.964164     -5.587846
  44400000     29.070840     -5.496476
  44500000     29.127315     -5.553290
  44600000     29.189450     -5.661648
  44700000     29.277472     -5.638336
  44800000     29.326673     -5.730784
  44900000     29.398336     -5.748457
  45000000     29.471886     -5.737013
  45100000     29.551205     -5.693870
  45200000     29.597617     -5.777405
  45300000     29.678604     -5.751944
  45400000     29.739954     -5.802340
  45500000     29.780240     -5.886280
  45600000     29.896674     -5.614448
  45700000     29.951250     -5.576727
  45800000     30.010060     -5.734829
  45900000     30.077060     -5.811794
  46000000     30.138008     -5.850185
  46100000     30.200515     -5.803227
  46200000     30.259829     -5.834007
  46300000     30.319831     -5.863260
  46400000     30.406228     -5.826888
  46500000     30.464879     -5.924512
  46600000     30.565765     -5.932597
  46700000     30.637315     -5.867070
  46800000     30.690939     -5.970318
  46900000     30.767765     -5.963480
  47000000     30.814948     -6.001778
  47100000     30.829692     -6.156805
  47200000     30.883313     -6.193599
  47300000     30.898810     -6.255101
  47400000     31.039152     -6.121273
  47500000     31.092558     -6.249112
  47600000     31.149044     -6.335662
  47700000     31.273051     -6.289325
  47800000     31.254551     -6.457995
  47900000     31.416601     -6.368667
  48000000     31.540788     -6.258689
  48100000     31.531087     -6.453487
  48200000     31.669586     -6.332929
  48300000     31.756481     -6.277837
  48400000     31.732256     -6.513689
  48500000     31.925088     -6.285207
  48600000     32.009628     -6.284673
  48700000     32.088748     -6.175207
  48800000     32.145409     -6.229197
  48900000     32.229393     -6.211849
  49000000     32.300176     -6.137700
  49100000     32.341315     -6.029771
  49200000     32.428561     -6.068840
  49300000     32.475451     -6.035530
  49400000     32.517212     -5.947371
  49500000     32.542484     -5.888150
  49600000     32.586357     -5.857221
  49700000     32.580917     -5.791728
  49800000     32.709613     -5.788238
  49900000     32.771102     -5.768792
  50000000     32.810029     -5.718620
