         0      3.000000      0.000000
    100000      3.053623      0.004554
    200000      3.113263     -0.100655
    300000      3.186717     -0.019362
    400000      3.251242      0.071429
    500000      3.353637     -0.050320
    600000      3.411946     -0.096019
    700000      3.472751     -0.143593
    800000      3.553756     -0.026927
    900000      3.591370     -0.201356
   1000000      3.666415     -0.246203
   1100000      3.646082     -0.376752
   1200000      3.799378     -0.237260
   1300000      3.837988     -0.328832
   1400000      3.913449     -0.362869
   1500000      4.043565     -0.243772
   1600000      4.089418     -0.306680
   1700000      4.170882     -0.309500
   1800000      4.284316     -0.225493
   1900000      4.344458     -0.247156
   2000000      4.422981     -0.245201
   2100000      4.470400     -0.206279
   2200000      4.520382     -0.188588
   2300000      4.597751     -0.203183
   2400000      4.611232     -0.550457
   2500000      4.688199     -0.589112
   2600000      4.713282     -0.648720
   2700000      4.741670     -0.784270
   2800000      4.727324     -0.900201
   2900000      4.843969     -0.900321
   3000000      4.964723     -0.887842
   3100000      4.904268     -1.014330
   3200000      4.945777     -1.060731
   3300000      4.989878     -1.106413
   3400000      4.986001     -1.153735
   3500000      5.087376     -1.178022
   3600000      5.134225     -1.257501
   3700000      5.140844     -1.309239
   3800000      5.287760     -1.314378
   3900000      5.326098     -1.365321
   4000000      5.239532     -1.478655
   4100000      5.285185     -1.551507
   4200000      5.332428     -1.596903
   4300000      5.451766     -1.619931
   4400000      5.475588     -1.686046
   4500000      5.576942     -1.736965
   4600000      5.617419     -1.802500
   4700000      5.689849     -1.825453
   4800000      5.803086     -1.804408
   4900000      5.896523     -1.776239
   5000000      5.942621     -1.842398
   5100000      5.989912     -1.927982
   5200000      6.036980     -1.966527
   5300000      6.172584     -1.835875
   5400000      6.251062     -1.869658
   5500000      6.315725     -1.903714
   5600000      6.403769     -1.824171
   5700000      6.441000     -1.712958
   5800000      6.492195     -1.671120
   5900000      6.428151     -2.218953
   6000000      6.497832     -2.305212
   6100000      6.462804     -2.452489
   6200000      6.552517     -2.451360
   6300000      6.592730     -2.502220
   6400000      6.583791     -2.587127
   6500000      6.688886     -2.567367
   6600000      6.767260     -2.555644
   6700000      6.754320     -2.674158
   6800000      6.762694     -2.773630
   6900000      6.857090     -2.782940
   7000000      6.816188     -2.912265
   7100000      6.885893     -2.938561
   7200000      6.956942     -2.989503
   7300000      6.994634     -3.046437
   7400000      7.074663     -3.061509
   7500000      7.159279     -3.010124
   7600000      7.200765     -3.089576
   7700000      7.246370     -3.120620
   7800000      7.307059     -3.147092
   7900000      7.365523     -3.169358
   8000000      7.408581     -3.200855
   8100000      7.359382     -3.474526
   8200000      7.465448     -3.473706
   8300000      7.486084     -3.543980
   8400000      7.542577     -3.578221
   8500000      7.568935     -3.656478
   8600000      7.602508     -3.698488
   8700000      7.606079     -3.778707
   8800000      7.593850     -3.831256
   8900000      7.633923     -3.913473
   9000000      7.686871     -3.964888
   9100000      7.623640     -4.037184
   9200000      7.786271     -4.064332
   9300000      8.270511     -3.790719
   9400000      8.298405     -3.875159
   9500000      8.253976     -4.064979
   9600000      8.391292     -4.034234
   9700000      8.347115     -4.182616
   9800000      8.281270     -4.286678
   9900000      8.476554     -4.223092
  10000000      8.550996     -4.269755
  10100000      8.639089     -4.267936
  10200000      8.536435     -4.473260
  10300000      8.615797     -4.500867
  10400000      8.824204     -4.356560
  10500000      8.933670     -4.297680
  10600000      9.030608     -4.288800
  10700000      9.099314     -4.130624
  10800000      9.160697     -4.135940
  10900000      9.245889     -4.228892
  11000000      9.309118     -4.263892
  11100000      9.391126     -4.369986
  11200000      9.404119     -4.460676
  11300000      9.536783     -4.361186
  11400000      9.635358     -4.208036
  11500000      9.703520     -4.235567
  11600000      9.777940     -4.178225
  11700000      9.825848     -4.020118
  11800000      9.880281     -3.991028
  11900000      9.959920     -4.098440
  12000000     10.017062     -4.021548
  12100000     10.043078     -3.899100
  12200000     10.169219     -4.062860
  12300000     10.247083     -4.206056
  12400000     10.332794     -4.146926
  12500000     10.393681     -4.022355
  12600000     10.433563     -3.942002
  12700000     10.518687     -4.171637
  12800000     10.591696     -4.245345
  12900000     10.669253     -4.296691
  13000000     10.751521     -4.337205
  13100000     10.805339     -4.391120
  13200000     10.889785     -4.398001
  13300000     10.958177     -4.402444
  13400000     10.879485     -4.714086
  13500000     11.092375     -4.557102
  13600000     11.156310     -4.546650
  13700000     11.220278     -4.626035
  13800000     11.208892     -4.756116
  13900000     11.342037     -4.687446
  14000000     11.427782     -4.653174
  14100000     11.418011     -4.829188
  14200000     11.384935     -4.953627
  14300000     11.510483     -4.886790
  14400000     11.716806     -4.591959
  14500000     11.705710     -4.856841
  14600000     11.724544     -4.954625
  14700000     11.694813     -5.048072
  14800000     11.820196     -5.042781
  14900000     11.871169     -5.085661
  15000000     11.956695     -5.114546
  15100000     12.013329     -5.154938
  15200000     12.101371     -5.155399
  15300000     12.207240     -5.156350
  15400000     12.196864     -5.253404
  15500000     12.353171     -5.191466
  15600000     12.372183     -5.306148
  15700000     12.495305     -5.226606
  15800000     12.518003     -5.342838
  15900000     12.567846     -5.388506
  16000000     12.651370     -5.395115
  16100000     12.702791     -5.464141
  16200000     12.712139     -5.524288
  16300000     12.853952     -5.513657
  16400000     12.900066     -5.543126
  16500000     13.035793     -5.462100
  16600000     13.109290     -5.481984
  16700000     13.181369     -5.487322
  16800000     13.240707     -5.510946
  16900000     13.283069     -5.596532
  17000000     13.370181     -5.594019
  17100000     13.466353     -5.543925
  17200000     13.490072     -5.706541
  17300000     13.533964     -5.764697
  17400000     13.645940     -5.645853
  17500000     13.745956     -5.476743
  17600000     13.795776     -5.536155
  17700000     13.849269     -5.639222
  17800000     13.891833     -5.833107
  17900000     14.031774     -5.659123
  18000000     14.088395     -5.547654
  18100000     14.149356     -5.549555
  18200000     14.237126     -5.526908
  18300000     14.304917     -5.522346
  18400000     14.373866     -5.609963
  18500000     14.383777     -5.702314
  18600000     14.533715     -5.478134
  18700000     14.609747     -5.535722
  18800000     14.679197     -5.476021
  18900000     14.746681     -5.498874
  19000000     14.808050     -5.532563
  19100000     14.878006     -5.434716
  19200000     14.924123     -5.594170
  19300000     14.988098     -5.629678
  19400000     15.061344     -5.616314
  19500000     15.115714     -5.680713
  19600000     15.192399     -5.511600
  19700000     15.220871     -5.655953
  19800000     15.358529     -5.469879
  19900000     15.409616     -5.506041
  20000000     15.476129     -5.503999
  20100000     15.527493     -5.308918
  20200000     15.575452     -5.245108
  20300000     15.699971     -5.410555
  20400000     15.778041     -5.349350
  20500000     15.804086     -5.227296
  20600000     15.855299     -5.230132
  20700000     15.963044     -5.295612
  20800000     16.006639     -5.255261
  20900000     16.111634     -5.335536
  21000000     16.175940     -5.288435
  21100000     16.214254     -5.208614
  21200000     16.319326     -5.345407
  21300000     16.368419     -5.243793
  21400000     16.474296     -5.261605
  21500000     16.545297     -5.248662
  21600000     16.598677     -5.200696
  21700000     16.632753     -5.127593
  21800000     16.663930     -5.060308
  21900000     16.756889     -5.104132
  22000000     16.804962     -5.005849
  22100000     16.876317     -5.001424
  22200000     16.908605     -4.923163
  22300000     16.974749     -4.911509
  22400000     16.896663     -4.737953
  22500000     16.898626     -4.670553
  22600000     17.096106     -4.717482
  22700000     17.156416     -4.696552
  22800000     17.255481     -4.702201
  22900000     17.323365     -4.691253
  23000000     17.225605     -4.487180
  23100000     17.180024     -4.408013
  23200000     17.270090     -4.357017
  23300000     17.304791     -4.306515
  23400000     17.310106     -4.233019
  23500000     17.339045     -4.181077
  23600000     17.595789     -4.363073
  23700000     17.648393     -4.321171
  23800000     17.724602     -4.309163
  23900000     17.726504     -4.218622
  24000000     17.870857     -4.302967
  24100000     17.934362     -4.291820
  24200000     18.062399     -4.384141
  24300000     18.122139     -4.421900
  24400000     18.180530     -4.436768
  24500000     18.236400     -4.469476
  24600000     18.316892     -4.408728
  24700000     18.378090     -4.445851
  24800000     18.459196     -4.487856
  24900000     18.538400     -4.530703
  25000000     18.633693     -4.415346
  25100000     18.697288     -4.397970
  25200000     18.750556     -4.449819
  25300000     18.817698     -4.427489
  25400000     18.839477     -4.553540
  25500000     18.874930     -4.597822
  25600000     19.003493     -4.395077
  25700000     19.075075     -4.437366
  25800000     19.122158     -4.320278
  25900000     19.211850     -4.351949
  26000000     19.193899     -4.112940
  26100000     19.356829     -4.337351
  26200000     19.425835     -4.503530
  26300000     19.512229     -4.420352
  26400000     19.566902     -4.276012
  26500000     19.622053     -4.174812
  26600000     19.674284     -4.161045
  26700000     19.718894     -4.140700
  26800000     19.858993     -4.352547
  26900000     19.931603     -4.358808
  27000000     19.991862     -4.367457
  27100000     20.065174     -4.482901
  27200000     20.132977     -4.531031
  27300000     20.149396     -4.639901
  27400000     20.169663     -4.708639
  27500000     20.320684     -4.607702
  27600000     20.373745     -4.644214
  27700000     20.405183     -4.782253
  27800000     20.382504     -4.901981
  27900000     20.445072     -4.920115
  28000000     20.371060     -5.057371
  28100000     20.476457     -5.093880
  28200000     20.459245     -5.176731
  28300000     20.622127     -5.126823
  28400000     20.914424     -4.720190
  28500000     20.958100     -4.823628
  28600000     21.048619     -4.773269
  28700000     21.097802     -4.771651
  28800000     21.157451     -4.670326
  28900000     21.254076     -4.766831
  29000000     21.298114     -4.829806
  29100000     21.361772     -4.816165
  29200000     21.451202     -4.749484
  29300000     21.506776     -4.771646
  29400000     21.571700     -4.740717
  29500000     21.663978     -4.630642
  29600000     21.708791     -4.830016
  29700000     21.821385     -4.749891
  29800000     21.882456     -4.896328
  29900000     21.939097     -4.921239
  30000000     21.975321     -5.001355
  30100000     22.008692     -5.098231
  30200000     21.965363     -5.222243
  30300000     22.036638     -5.242850
  30400000     22.103821     -5.279106
  30500000     22.206306     -5.287316
  30600000     22.336169     -5.241558
  30700000     22.405536     -5.267064
  30800000     22.519137     -5.187876
  30900000     22.572591     -5.239319
  31000000     22.674685     -5.193925
  31100000     22.738969     -5.217039
  31200000     22.830050     -5.200732
  31300000     22.856989     -5.289785
  31400000     22.878876     -5.358200
  31500000     22.857339     -5.434559
  31600000     23.106680     -5.142763
  31700000     23.166819     -5.175743
  31800000     23.260796     -5.125210
  31900000     23.300789     -5.221257
  32000000     23.399159     -5.097303
  32100000     23.399468     -5.270222
  32200000     23.533012     -5.155510
  32300000     23.564916     -5.269259
  32400000     23.682790     -5.094028
  32500000     23.752848     -5.044863
  32600000     23.840635     -5.125898
  32700000     23.891686     -5.166262
  32800000     23.939373     -5.278079
  32900000     24.032143     -5.255173
  33000000     24.091363     -5.260797
  33100000     24.155009     -5.293774
  33200000     24.256234     -5.235706
  33300000     24.337269     -5.118856
  33400000     24.378374     -5.057314
  33500000     24.458463     -5.147684
  33600000     24.530615     -5.119669
  33700000     24.592833     -5.139580
  33800000     24.638021     -5.089738
  33900000     24.719903     -5.190978
  34000000     24.792040     -5.193818
  34100000     24.855089     -5.280427
  34200000     24.907631     -5.315129
  34300000     25.002567     -5.285534
  34400000     25.053082     -5.358529
  34500000     25.075406     -5.471276
  34600000     25.154115     -5.469266
  34700000     25.266233     -5.291107
  34800000     25.333745     -5.358004
  34900000     25.378078     -5.344017
  35000000     25.444784     -5.365902
  35100000     25.495005     -5.408303
  35200000     25.536901     -5.555576
  35300000     25.589508     -5.567325
  35400000     25.650932     -5.555987
  35500000     25.683076     -5.629985
  35600000     25.815437     -5.466970
  35700000     25.904206     -5.485555
  35800000     25.962244     -5.533430
  35900000     26.025833     -5.502665
  36000000     26.120724     -5.484595
  36100000     26.181392     -5.479025
  36200000     26.234766     -5.481463
  36300000     26.307424     -5.428427
  36400000     26.376681     -5.402679
  36500000     26.448017     -5.386954
  36600000     26.519227     -5.377615
  36700000     26.557956     -5.263673
  36800000     26.619120     -5.273678
  36900000     26.674552     -5.309174
  37000000     26.738563     -5.313351
  37100000     26.750180     -5.092855
  37200000     26.868587     -5.136391
  37300000     26.848849     -5.043617
  37400000     27.021821     -5.182458
  37500000     27.152662     -5.352979
  37600000     27.229523     -5.408442
  37700000     27.296765     -5.457227
  37800000     27.356036     -5.442380
  37900000     27.421809     -5.392128
  38000000     27.460868     -5.260153
  38100000     27.569194     -5.438149
  38200000     27.612055     -5.344677
  38300000     27.725135     -5.432081
  38400000     27.777821     -5.598962
  38500000     27.843352     -5.583679
  38600000     27.931294     -5.488300
  38700000     27.985424     -5.424329
  38800000     28.092249     -5.531565
  38900000     28.137254     -5.617368
  39000000     28.219095     -5.559018
  39100000     28.288387     -5.432071
  39200000     28.361292     -5.545528
  39300000     28.441658     -5.585198
  39400000     28.497541     -5.394372
  39500000     28.604174     -5.560167
  39600000     28.671048     -5.548693
  39700000     28.747885     -5.572566
  39800000     28.811836     -5.486010
  39900000     28.873034     -5.477470
  40000000     28.949833     -5.465105
  40100000     29.027527     -5.566802
  40200000     29.074286     -5.443014
  40300000     29.157764     -5.512286
  40400000     29.225127     -5.529750
  40500000     29.251655     -5.368334
  40600000     29.246969     -5.251430
  40700000     29.373097     -5.352009
  40800000     29.413885     -5.247649
  40900000     29.411005     -5.114545
  41000000     29.527509     -5.131678
  41100000     29.455796     -4.968458
  41200000     29.661600     -5.057017
  41300000     29.744525     -5.070394
  41400000     29.817883     -5.060931
  41500000     29.925998     -5.171149
  41600000     29.974013     -5.048228
  41700000     30.046153     -5.051469
  41800000     30.067677     -4.968688
  41900000     30.111951     -4.908878
  42000000     30.107843     -4.780650
  42100000     30.184112     -4.778856
  42200000     30.182287     -4.673664
  42300000     30.323264     -4.716149
  42400000     30.417605     -4.729879
  42500000     30.468064     -4.685811
  42600000     30.584152     -4.741033
  42700000     30.658496     -4.894970
  42800000     30.702889     -4.879727
  42900000     30.792323     -4.849842
  43000000     30.870268     -4.746210
  43100000     30.959585     -4.800534
  43200000     31.027427     -4.785828
  43300000     31.099416     -4.846665
  43400000     31.170078     -4.821776
  43500000     31.223992     -4.786286
  43600000     31.284421     -4.815977
  43700000     31.379779     -4.858245
  43800000     31.433147     -4.786860
  43900000     31.541521     -4.907332
  44000000     31.612995     -4.889521
  44100000     31.689271     -5.016582
  44200000     31.755018     -5.034007
  44300000     31.821777     -5.098335
  44400000     31.891864     -4.957189
  44500000     31.957897     -4.877640
  44600000     32.013994     -4.783555
  44700000     32.050157     -4.738865
  44800000     32.119422     -4.717307
  44900000     32.254798     -4.875326
  45000000     32.328412     -4.877001
  45100000     32.380250     -5.081512
  45200000     32.351509     -5.296575
  45300000     32.379229     -5.364271
  45400000     32.520936     -5.237208
  45500000     32.576936     -5.324453
  45600000     32.675481     -5.294638
  45700000     32.708713     -5.409921
  45800000     32.739422     -5.481528
  45900000     32.742897     -5.600406
  46000000     32.712921     -5.670953
  46100000     32.789109     -5.714521
  46200000     33.046988     -5.515088
  46300000     33.136569     -5.528371
  46400000     33.162082     -5.615935
  46500000     33.238000     -5.602930
  46600000     33.306856     -5.624799
  46700000     33.369931     -5.629516
  46800000     33.445970     -5.662837
  46900000     33.499832     -5.678916
  47000000     33.572731     -5.725136
  47100000     33.650128     -5.707590
  47200000     33.737360     -5.653971
  47300000     33.773484     -5.727065
  47400000     33.855338     -5.714787
  47500000     33.945174     -5.691239
  47600000     33.985075     -5.727425
  47700000     34.063335     -5.735255
  47800000     34.149450     -5.725621
  47900000     34.200491     -5.695425
  48000000     34.275268     -5.919033
  48100000     34.385627     -5.740720
  48200000     34.463160     -5.772495
  48300000     34.528226     -5.770414
  48400000     34.611794     -5.727101
  48500000     34.677677     -5.764088
  48600000     34.750991     -5.598958
  48700000     34.827159     -5.714042
  48800000     34.892217     -5.617046
  48900000     34.950665     -5.588083
  49000000     35.021200     -5.579154
  49100000     35.075130     -5.582827
  49200000     35.139087     -5.598448
  49300000     35.206038     -5.601751
  49400000     35.276081     -5.579067
  49500000     35.356068     -5.509773
  49600000     35.421234     -5.475480
  49700000     35.499560     -5.566692
  49800000     35.567726     -5.379743
  49900000     35.638180     -5.401958
  50000000     35.746227     -5.438907
