         0      3.000000      0.000000
    100000      3.056980      0.037254
    200000      3.064650      0.227546
    300000      3.144807      0.145282
    400000      3.234551     -0.226398
    500000      3.294653     -0.272916
    600000      3.380443     -0.240184
    700000      3.480635     -0.202114
    800000      3.553351     -0.130963
    900000      3.661380     -0.067223
   1000000      3.718211     -0.085708
   1100000      3.771745     -0.070430
   1200000      3.823698     -0.073014
   1300000      3.895865      0.001356
   1400000      3.944037      0.075292
   1500000      4.048125     -0.002013
   1600000      4.097683      0.071100
   1700000      4.180954      0.112457
   1800000      4.198121      0.196829
   1900000      4.301271      0.160878
   2000000      4.366267      0.145022
   2100000      4.406110      0.261778
   2200000      4.495192      0.180145
   2300000      4.524000      0.300333
   2400000      4.540165      0.391604
   2500000      4.629751      0.399867
   2600000      4.732519      0.325439
   2700000      4.634942      0.539372
   2800000      4.861494      0.359884
   2900000      4.917120      0.411067
   3000000      4.952952      0.484318
   3100000      4.966812      0.579182
   3200000      5.027490      0.595106
   3300000      5.118185      0.520003
   3400000      5.135961      0.663219
   3500000      5.267036      0.640704
   3600000      5.393430      0.562822
   3700000      5.451623      0.541112
   3800000      5.530203      0.519615
   3900000      5.465613      0.929548
   4000000      5.557907      0.920383
   4100000      5.699136      0.810192
   4200000      5.761093      0.786860
   4300000      5.812921      0.828635
   4400000      5.810112      1.012832
   4500000      5.865746      1.077255
   4600000      5.926865      1.087367
   4700000      6.006673      1.058339
   4800000      6.031762      1.182641
   4900000      6.063673      1.237959
   5000000      6.068672      1.320850
   5100000      6.009793      1.422824
   5200000      6.019664      1.480626
   5300000      6.197488      1.458704
   5400000      6.113738      1.558713
   5500000      6.158080      1.625892
   5600000      6.168591      1.692453
   5700000      6.219812      1.746075
   5800000      6.353190      1.782010
   5900000      6.324994      1.879737
   6000000      6.263058      1.950513
   6100000      6.335778      1.982036
   6200000      6.517298      1.997187
   6300000      6.472832      2.109659
   6400000      6.495937      2.158404
   6500000      6.527827      2.220102
   6600000      6.472557      2.280626
   6700000      6.751642      2.303347
   6800000      6.890487      2.311729
   6900000      6.950161      2.357981
   7000000      6.964517      2.437263
   7100000      6.903060      2.548917
   7200000      6.982165      2.606054
   7300000      6.961672      2.679025
   7400000      7.144384      2.655100
   7500000      7.311722      2.595020
   7600000      7.395211      2.603562
   7700000      7.391684      2.713230
   7800000      7.408073      2.802162
   7900000      7.497838      2.811023
   8000000      7.575253      2.802703
   8100000      7.632833      2.769717
   8200000      7.451586      3.095240
   8300000      7.757810      2.886781
   8400000      7.725218      3.039421
   8500000      7.728947      3.143255
   8600000      7.835702      3.135870
   8700000      7.864958      3.227316
   8800000      7.917083      3.266370
   8900000      7.916968      3.321203
   9000000      8.023736      3.311589
   9100000      8.103729      3.285953
   9200000      8.174518      3.322913
   9300000      8.197269      3.442515
   9400000      8.258019      3.461432
   9500000      8.309571      3.507019
   9600000      8.338229      3.554802
   9700000      8.403416      3.577459
   9800000      8.513934      3.542117
   9900000      8.572990      3.574053
  10000000      8.650746      3.578774
  10100000      8.657516      3.719671
  10200000      8.702504      3.780162
  10300000      8.774619      3.788149
  10400000      8.856175      3.798633
  10500000      8.923752      3.820323
  10600000      9.010346      3.791569
  10700000      9.090610      3.665363
  10800000      9.141678      3.834951
  10900000      9.196582      3.769699
  11000000      9.171992      4.074095
  11100000      9.336894      3.887175
  11200000      9.365235      3.992179
  11300000      9.461934      3.932515
  11400000      9.546904      3.915401
  11500000      9.614634      3.964178
  11600000      9.696239      3.956833
  11700000      9.794677      3.927619
  11800000      9.871867      3.864762
  11900000      9.940472      3.879947
  12000000     10.004773      3.958459
  12100000     10.063111      3.958201
  12200000     10.109741      4.077919
  12300000     10.208005      3.964430
  12400000     10.259825      3.909339
  12500000     10.288713      3.694203
  12600000     10.378812      3.791599
  12700000     10.443003      3.751658
  12800000     10.523376      3.807855
  12900000     10.580693      3.736542
  13000000     10.623649      3.580788
  13100000     10.697271      3.580275
  13200000     10.745756      3.527684
  13300000     10.829556      3.539869
  13400000     10.883314      3.531954
  13500000     10.994499      3.617774
  13600000     11.049035      3.577029
  13700000     11.134156      3.560017
  13800000     11.233172      3.668581
  13900000     11.274379      3.547607
  14000000     11.348042      3.568190
  14100000     11.390461      3.581612
  14200000     11.457500      3.513563
  14300000     11.417799      3.269765
  14400000     11.619115      3.568673
  14500000     11.776922      3.789807
  14600000     11.828086      3.768848
  14700000     11.895028      3.675977
  14800000     11.903835      3.540133
  14900000     12.019019      3.660166
  15000000     12.092782      3.635999
  15100000     12.056997      3.440191
  15200000     12.139095      3.443305
  15300000     12.239693      3.449221
  15400000     12.380530      3.643027
  15500000     12.426130      3.605984
  15600000     12.510969      3.603697
  15700000     12.583841      3.572225
  15800000     12.660560      3.570637
  15900000     12.688819      3.417851
  16000000     12.751005      3.369246
  16100000     12.816353      3.331234
  16200000     12.894170      3.400683
  16300000     12.974208      3.397684
  16400000     13.039683      3.326425
  16500000     13.098855      3.429911
  16600000     13.185060      3.285063
  16700000     13.235537      3.208293
  16800000     13.284568      3.182429
  16900000     13.293771      3.086257
  17000000     13.424492      3.144815
  17100000     13.429280      3.004958
  17200000     13.571901      3.129104
  17300000     13.610298      3.070581
  17400000     13.645794      3.011694
  17500000     13.813068      3.265975
  17600000     13.789395      3.001702
  17700000     13.879372      3.018689
  17800000     13.955790      2.964226
  17900000     14.030558      2.971344
  18000000     14.001512      2.826634
  18100000     14.107107      2.838189
  18200000     14.193189      2.862484
  18300000     14.309901      2.948435
  18400000     14.356990      2.925814
  18500000     14.435658      2.977310
  18600000     14.470264      2.855832
  18700000     14.535075      2.806781
  18800000     14.573659      2.766192
  18900000     14.678761      2.778082
  19000000     14.783125      2.853972
  19100000     14.839758      2.804251
  19200000     14.888280      2.756302
  19300000     14.987072      2.746528
  19400000     15.034197      2.693617
  19500000     15.091054      2.689103
  19600000     15.194435      2.845532
  19700000     15.219518      2.593413
  19800000     15.288457      2.561396
  19900000     15.355287      2.539301
  20000000     15.462188      2.605702
  20100000     15.529547      2.613118
  20200000     15.590068      2.580517
  20300000     15.667387      2.589886
  20400000     15.730369      2.530761
  20500000     15.775957      2.580459
  20600000     15.825588      2.554733
  20700000     15.912024      2.506507
  20800000     15.967192      2.494537
  20900000     15.970979      2.708491
  21000000     16.112147      2.535191
  21100000     16.168338      2.497919
  21200000     16.238058      2.515432
  21300000     16.274593      2.420354
  21400000     16.359348      2.459893
  21500000     16.437905      2.504699
  21600000     16.516594      2.392228
  21700000     16.561464      2.366554
  21800000     16.609551      2.310904
  21900000     16.627994      2.145226
  22000000     16.768483      2.317644
  22100000     16.821388      2.262444
  22200000     16.862525      2.207268
  22300000     16.986352      2.582468
  22400000     17.062375      2.303310
  22500000     17.118756      2.350483
  22600000     17.168526      2.395298
  22700000     17.266291      2.250626
  22800000     17.322301      2.240871
  22900000     17.361440      2.345054
  23000000     17.453464      2.259974
  23100000     17.526107      2.121086
  23200000     17.586409      2.035057
  23300000     17.662664      2.046522
  23400000     17.713634      2.008369
  23500000     17.746416      2.061284
  23600000     17.854757      2.051555
  23700000     17.915859      1.994721
  23800000     17.981054      1.982693
  23900000     18.040938      1.878580
  24000000     18.091857      1.820489
  24100000     18.124620      1.781498
  24200000     18.219807      1.858082
  24300000     18.291865      1.841319
  24400000     18.363102      1.767299
  24500000     18.438488      1.751719
  24600000     18.474451      1.595075
  24700000     18.535561      1.621244
  24800000     18.549304      1.479301
  24900000     18.583534      1.375066
  25000000     18.578030      1.278729
  25100000     18.679446      1.309155
  25200000     18.659862      1.158450
  25300000     18.673277      1.053100
  25400000     18.740763      1.030293
  25500000     18.754273      0.959645
  25600000     18.790845      0.954236
  25700000     18.902313      0.920728
  25800000     19.023237      0.948705
  25900000     19.116250      0.990717
  26000000     19.135700      0.871811
  26100000     19.133083      0.755880
  26200000     19.105197      0.650516
  26300000     19.148091      0.611700
  26400000     19.272510      0.629724
  26500000     19.364893      0.605224
  26600000     19.495195      0.652474
  26700000     19.581909      0.673245
  26800000     19.641057      0.620737
  26900000     19.680780      0.546634
  27000000     19.749513      0.537986
  27100000     19.792046      0.417149
  27200000     19.884633      0.476030
  27300000     19.961221      0.503729
  27400000     20.019058      0.420196
  27500000     20.044350      0.323180
  27600000     20.094402      0.273227
  27700000     20.131366      0.186391
  27800000     20.161419      0.080991
  27900000     20.063155     -0.141609
  28000000     20.171519     -0.117203
  28100000     20.299869     -0.025547
  28200000     20.359907     -0.029910
  28300000     20.508906     -0.031102
  28400000     20.572089     -0.030781
  28500000     20.604819     -0.158328
  28600000     20.684126     -0.140217
  28700000     20.784349      0.037370
  28800000     20.842952      0.152707
  28900000     20.938919      0.083758
  29000000     21.014576      0.096753
  29100000     21.064822      0.116044
  29200000     21.114058      0.102237
  29300000     21.174971      0.079008
  29400000     21.255406     -0.055416
  29500000     21.371340      0.018415
  29600000     21.436479      0.000405
  29700000     21.504278     -0.033089
  29800000     21.552136     -0.006775
  29900000     21.639878     -0.128065
  30000000     21.699406     -0.171113
  30100000     21.741305      0.016822
  30200000     21.839341     -0.101092
  30300000     21.912125     -0.101536
  30400000     21.958450     -0.154398
  30500000     22.038969     -0.087915
  30600000     22.108686     -0.110745
  30700000     22.170690     -0.110186
  30800000     22.244038     -0.070526
  30900000     22.313125      0.044998
  31000000     22.379007      0.086131
  31100000     22.468006      0.031761
  31200000     22.527445     -0.035709
  31300000     22.590193      0.082652
  31400000     22.625150      0.148290
  31500000     22.673668      0.200633
  31600000     22.728575      0.227147
  31700000     22.777042      0.204997
  31800000     22.752183      0.366673
  31900000     22.799785      0.461184
  32000000     22.920834      0.430557
  32100000     22.924169      0.525029
  32200000     22.935920      0.616970
  32300000     22.964706      0.675998
  32400000     23.005620      0.753663
  32500000     23.036949      0.819258
  32600000     23.057846      0.880068
  32700000     23.364100      0.658900
  32800000     23.396388      0.759423
  32900000     23.466423      0.835602
  33000000     23.598923      0.632871
  33100000     23.578656      0.873149
  33200000     23.652460      0.874231
  33300000     23.740469      0.814372
  33400000     23.832162      0.785192
  33500000     23.893566      0.844168
  33600000     23.959659      0.852896
  33700000     23.981713      0.976445
  33800000     24.112736      0.906358
  33900000     24.161797      0.963256
  34000000     24.272739      0.827267
  34100000     24.290916      1.037832
  34200000     24.386154      1.009489
  34300000     24.435586      1.098113
  34400000     24.519215      1.018871
  34500000     24.526433      1.172833
  34600000     24.610579      1.143138
  34700000     24.710099      1.039176
  34800000     24.767888      1.196732
  34900000     24.851624      1.143587
  35000000     24.893095      1.114873
  35100000     24.961491      1.281750
  35200000     25.010531      1.354865
  35300000     25.101496      1.303386
  35400000     25.169125      1.312084
  35500000     25.228224      1.403806
  35600000     25.242019      1.515785
  35700000     25.376210      1.432233
  35800000     25.489474      1.253557
  35900000     25.530766      1.385892
  36000000     25.611379      1.319888
  36100000     25.681913      1.260575
  36200000     25.752664      1.397989
  36300000     25.822860      1.368114
  36400000     25.868746      1.452056
  36500000     25.907032      1.501397
  36600000     25.923081      1.632105
  36700000     25.973346      1.681210
  36800000     26.012695      1.739043
  36900000     26.183253      1.636437
  37000000     26.278286      1.453010
  37100000     26.344922      1.530773
  37200000     26.389502      1.666822
  37300000     26.357806      1.867896
  37400000     26.394750      1.914139
  37500000     26.472812      1.888077
  37600000     26.452838      2.027816
  37700000     26.575758      1.982571
  37800000     26.613447      2.084501
  37900000     26.860164      1.772237
  38000000     26.943289      1.752306
  38100000     27.003647      1.867596
  38200000     27.051371      1.941633
  38300000     27.094873      1.973432
  38400000     27.197408      1.842171
  38500000     27.288666      1.914828
  38600000     27.350293      1.957558
  38700000     27.421952      1.956152
  38800000     27.542784      1.767806
  38900000     27.578116      1.711685
  39000000     27.658692      1.939219
  39100000     27.712473      2.056481
  39200000     27.785771      2.056292
  39300000     27.881872      1.966495
  39400000     27.929187      2.030160
  39500000     28.001315      1.979994
  39600000     28.069299      2.033869
  39700000     28.143197      1.962183
  39800000     28.193030      2.076935
  39900000     28.270999      2.069189
  40000000     28.341208      2.142327
  40100000     28.380419      2.228404
  40200000     28.408175      2.359325
  40300000     28.428873      2.471354
  40400000     28.524588      2.452125
  40500000     28.532306      2.559075
  40600000     28.703838      2.297376
  40700000     28.746310      2.379288
  40800000     28.784873      2.208444
  40900000     28.873353      2.261134
  41000000     28.960534      2.335540
  41100000     29.021607      2.444589
  41200000     29.052149      2.607606
  41300000     29.012029      2.772010
  41400000     29.012392      2.864966
  41500000     29.323765      2.478277
  41600000     29.377296      2.476964
  41700000     29.445821      2.426206
  41800000     29.499892      2.328692
  41900000     29.546859      2.283140
  42000000     29.618102      2.379693
  42100000     29.650206      2.258926
  42200000     29.735614      2.621138
  42300000     29.804422      2.615945
  42400000     29.861423      2.671993
  42500000     29.921256      2.686174
  42600000     30.020795      2.442206
  42700000     30.089848      2.394358
  42800000     30.105708      2.319903
  42900000     30.139150      2.248367
  43000000     30.264689      2.309723
  43100000     30.360420      2.317319
  43200000     30.450833      2.351220
  43300000     30.520765      2.320669
  43400000     30.574114      2.391811
  43500000     30.640877      2.345408
  43600000     30.707759      2.305490
  43700000     30.749922      2.161051
  43800000     30.801088      2.103614
  43900000     30.873005      2.085262
  44000000     30.905835      1.981182
  44100000     30.982639      2.034233
  44200000     31.032335      2.017662
  44300000     31.081029      1.929032
  44400000     31.167987      1.947671
  44500000     31.230666      1.920261
  44600000     31.300163      1.903716
  44700000     31.376154      1.999677
  44800000     31.426551      1.812760
  44900000     31.490709      1.736092
  45000000     31.587804      1.840306
  45100000     31.689748      1.843184
  45200000     31.747281      1.753851
  45300000     31.813320      1.748308
  45400000     31.846652      1.628509
  45500000     31.857470      1.500033
  45600000     31.971735      1.528543
  45700000     32.059867      1.620337
  45800000     32.091902      1.475856
  45900000     31.988899      1.197610
  46000000     32.002107      1.126834
  46100000     32.159360      1.173187
  46200000     32.272629      1.246991
  46300000     32.296365      1.129366
  46400000     32.324388      1.039032
  46500000     32.343166      0.974451
  46600000     32.450751      0.970174
  46700000     32.511969      0.908899
  46800000     32.591237      0.934000
  46900000     32.652934      0.868066
  47000000     32.749471      0.886887
  47100000     32.766294      0.793710
  47200000     32.881752      0.844291
  47300000     32.884619      0.742302
  47400000     33.042884      0.869980
  47500000     33.104238      0.830089
  47600000     33.179578      0.824372
  47700000     33.237841      0.772852
  47800000     33.301448      0.751082
  47900000     33.269933      0.614754
  48000000     33.272177      0.579712
  48100000     33.379389      0.583341
  48200000     33.408658      0.547945
  48300000     33.475113      0.534005
  48400000     33.604815      0.549329
  48500000     33.725303      0.630926
  48600000     33.826840      0.676457
  48700000     33.906560      0.797970
  48800000     33.998511      0.788782
  48900000     34.075344      0.785407
  49000000     34.117395      0.669702
  49100000     34.182073      0.666449
  49200000     34.197367      0.597117
  49300000     34.318502      0.723246
  49400000     34.380409      0.687834
  49500000     34.440819      0.654291
  49600000     34.477126      0.554896
  49700000     34.589653      0.593167
  49800000     34.607610      0.506269
  49900000     34.672011      0.493940
  50000000     34.707890      0.408499
