         0      3.000000      0.000000
    100000      3.033334     -0.087941
    200000      3.054718     -0.183387
    300000      3.138798     -0.215559
    400000      3.199273     -0.259474
    500000      3.254987     -0.292971
    600000      3.318456     -0.305123
    700000      3.341577     -0.380925
    800000      3.336151     -0.499443
    900000      3.475618     -0.407756
   1000000      3.552938     -0.391543
   1100000      3.617620     -0.409653
   1200000      3.672229     -0.466848
   1300000      3.723065     -0.501114
   1400000      3.781169     -0.511840
   1500000      3.833273     -0.564260
   1600000      3.902725     -0.568756
   1700000      3.983536     -0.544630
   1800000      4.058902     -0.632306
   1900000      4.133835     -0.611137
   2000000      4.212213     -0.566641
   2100000      4.285758     -0.547883
   2200000      4.305480     -0.723963
   2300000      4.424600     -0.602236
   2400000      4.500517     -0.642548
   2500000      4.563746     -0.626536
   2600000      4.682701     -0.443886
   2700000      4.773977     -0.297423
   2800000      4.843758     -0.392773
   2900000      4.937803     -0.329716
   3000000      4.968247     -0.414339
   3100000      5.021585     -0.433560
   3200000      5.112322     -0.190792
   3300000      5.175566     -0.474705
   3400000      5.210127     -0.533415
   3500000      5.248312     -0.639129
   3600000      5.271095     -0.727827
   3700000      5.476875     -0.529223
   3800000      5.575477     -0.394674
   3900000      5.660740     -0.449141
   4000000      5.726691     -0.459552
   4100000      5.802609     -0.510768
   4200000      5.869343     -0.452764
   4300000      5.932047     -0.419629
   4400000      6.009495     -0.380148
   4500000      6.077488     -0.372594
   4600000      6.129032     -0.246312
   4700000      6.184356     -0.200333
   4800000      6.316121     -0.474316
   4900000      6.381544     -0.454712
   5000000      6.441106     -0.502541
   5100000      6.509046     -0.446028
   5200000      6.567080     -0.576242
   5300000      6.646101     -0.535291
   5400000      6.697346     -0.556031
   5500000      6.754269     -0.560880
   5600000      6.836767     -0.405420
   5700000      6.883880     -0.569300
   5800000      6.964458     -0.531356
   5900000      7.068346     -0.501777
   6000000      7.139954     -0.373623
   6100000      7.210545     -0.541574
   6200000      7.269080     -0.488409
   6300000      7.327398     -0.480932
   6400000      7.399674     -0.530132
   6500000      7.483046     -0.548634
   6600000      7.539775     -0.568544
   6700000      7.613695     -0.529827
   6800000      7.677298     -0.522143
   6900000      7.740492     -0.540173
   7000000      7.810190     -0.494077
   7100000      7.869473     -0.479803
   7200000      7.929617     -0.470143
   7300000      7.991227     -0.432114
   7400000      8.044404     -0.453321
   7500000      8.099714     -0.372397
   7600000      8.164838     -0.296588
   7700000      8.203838     -0.204600
   7800000      8.300472     -0.254711
   7900000      8.370778     -0.273943
   8000000      8.440000     -0.303989
   8100000      8.496210     -0.233749
   8200000      8.570543     -0.269408
   8300000      8.619100     -0.210725
   8400000      8.681770     -0.163248
   8500000      8.773304     -0.222794
   8600000      8.839601     -0.209408
   8700000      8.908924     -0.168872
   8800000      8.959217     -0.092915
   8900000      9.043333     -0.119391
   9000000      9.131206     -0.130261
   9100000      9.202866     -0.207468
   9200000      9.256609     -0.062027
   9300000      9.278618      0.054522
   9400000      9.342651      0.103426
   9500000      9.406907      0.119746
   9600000      9.449102      0.195425
   9700000      9.490016      0.283482
   9800000      9.563530      0.286487
   9900000      9.649886      0.306790
  10000000      9.693912      0.367850
  10100000      9.763113      0.353790
  10200000      9.869383      0.271536
  10300000      9.994263      0.227613
  10400000     10.057066      0.273553
  10500000     10.132170      0.299639
  10600000     10.175949      0.332515
  10700000     10.219672      0.421487
  10800000     10.187851      0.488920
  10900000     10.338906      0.491318
  11000000     10.439777      0.462454
  11100000     10.396685      0.619370
  11200000     10.621102      0.429833
  11300000     10.699143      0.409657
  11400000     10.694281      0.552033
  11500000     10.857117      0.156542
  11600000     10.929865      0.167769
  11700000     11.007203      0.148483
  11800000     11.047710      0.014036
  11900000     11.131559      0.082665
  12000000     11.179065     -0.077679
  12100000     11.226395     -0.131577
  12200000     11.268986     -0.154353
  12300000     11.310597     -0.182905
  12400000     11.314952     -0.298166
  12500000     11.436960     -0.271203
  12600000     11.510131     -0.299448
  12700000     11.591669     -0.292250
  12800000     11.650425     -0.327411
  12900000     11.719295     -0.347062
  13000000     11.727027     -0.477420
  13100000     11.764915     -0.578808
  13200000     11.933919     -0.423728
  13300000     12.021340     -0.395422
  13400000     12.125701     -0.322062
  13500000     12.193924     -0.330001
  13600000     12.256359     -0.339968
  13700000     12.202111     -0.670312
  13800000     12.228454     -0.717646
  13900000     12.225590     -0.815111
  14000000     12.322335     -0.793727
  14100000     12.381206     -0.845632
  14200000     12.419067     -0.885294
  14300000     12.569165     -0.815535
  14400000     12.669330     -0.795629
  14500000     12.734385     -0.814108
  14600000     12.827093     -0.749061
  14700000     12.877532     -0.770875
  14800000     12.940713     -0.885166
  14900000     12.955196     -0.969405
  15000000     12.979122     -1.073843
  15100000     13.157528     -0.899660
  15200000     13.227875     -0.952200
  15300000     13.240805     -1.068278
  15400000     13.217746     -1.209164
  15500000     13.422272     -0.891081
  15600000     13.478903     -0.998919
  15700000     13.512059     -1.063459
  15800000     13.613974     -0.978602
  15900000     13.578700     -1.330605
  16000000     13.635036     -1.340538
  16100000     13.673305     -1.382925
  16200000     13.817840     -1.265244
  16300000     13.882337     -1.303885
  16400000     13.992442     -1.187307
  16500000     14.058533     -1.242874
  16600000     14.132120     -1.115318
  16700000     14.170123     -1.345882
  16800000     14.256716     -1.353534
  16900000     14.265567     -1.494603
  17000000     14.327616     -1.530811
  17100000     14.463867     -1.438269
  17200000     14.464955     -1.557422
  17300000     14.507655     -1.611976
  17400000     14.475512     -1.703849
  17500000     14.578995     -1.724028
  17600000     14.669727     -1.732491
  17700000     14.808475     -1.692537
  17800000     14.780272     -1.777649
  17900000     14.949875     -1.720220
  18000000     15.029358     -1.705476
  18100000     15.091018     -1.645280
  18200000     15.098088     -1.838382
  18300000     15.233166     -1.771036
  18400000     15.296801     -1.760185
  18500000     15.310744     -1.881218
  18600000     15.382568     -1.874071
  18700000     15.355321     -2.023463
  18800000     15.420266     -2.057087
  18900000     15.458960     -2.105731
  19000000     15.498489     -2.172643
  19100000     15.597096     -2.128713
  19200000     15.663742     -2.093331
  19300000     15.638077     -2.303833
  19400000     15.744467     -2.159677
  19500000     15.780052     -2.306610
  19600000     15.855276     -2.269054
  19700000     15.920362     -2.328525
  19800000     15.959145     -2.401429
  19900000     16.010406     -2.441321
  20000000     16.085136     -2.448637
  20100000     16.153198     -2.436704
  20200000     16.213412     -2.451877
  20300000     16.257153     -2.479392
  20400000     16.325432     -2.413920
  20500000     16.399417     -2.432746
  20600000     16.452522     -2.432813
  20700000     16.469363     -2.499712
  20800000     16.559360     -2.485017
  20900000     16.657809     -2.412131
  21000000     16.722346     -2.456499
  21100000     16.821460     -2.280136
  21200000     16.907504     -2.347462
  21300000     16.992351     -2.325321
  21400000     17.057061     -2.305986
  21500000     17.144100     -2.369686
  21600000     17.164660     -2.215072
  21700000     17.283444     -2.514987
  21800000     17.357200     -2.511657
  21900000     17.405543     -2.594983
  22000000     17.466244     -2.584362
  22100000     17.529069     -2.600153
  22200000     17.576607     -2.654198
  22300000     17.721298     -2.478329
  22400000     17.774614     -2.533602
  22500000     17.812347     -2.651615
  22600000     17.901907     -2.576864
  22700000     18.004387     -2.473197
  22800000     18.087458     -2.383464
  22900000     18.139033     -2.350809
  23000000     18.243850     -2.330857
  23100000     18.295636     -2.231877
  23200000     18.360661     -2.211398
  23300000     18.394976     -2.155222
  23400000     18.456151     -2.126450
  23500000     18.563832     -2.295544
  23600000     18.652239     -2.510284
  23700000     18.721745     -2.434523
  23800000     18.797623     -2.451492
  23900000     18.840575     -2.283082
  24000000     18.928383     -2.389901
  24100000     18.985472     -2.426075
  24200000     19.048951     -2.450502
  24300000     19.145968     -2.446401
  24400000     19.209451     -2.439725
  24500000     19.276782     -2.447727
  24600000     19.330355     -2.365845
  24700000     19.390699     -2.293064
  24800000     19.461356     -2.243019
  24900000     19.438222     -2.067205
  25000000     19.479082     -2.026498
  25100000     19.534437     -1.980262
  25200000     19.684524     -2.034143
  25300000     19.734654     -1.980385
  25400000     19.716492     -1.829061
  25500000     19.798343     -1.838671
  25600000     19.860952     -1.827629
  25700000     20.036879     -2.051812
  25800000     20.039717     -1.859202
  25900000     20.068912     -1.783577
  26000000     20.179491     -1.788204
  26100000     20.236170     -1.753724
  26200000     20.331644     -1.790641
  26300000     20.375180     -1.726754
  26400000     20.483624     -1.758143
  26500000     20.565194     -1.843700
  26600000     20.629783     -1.796844
  26700000     20.693419     -1.808702
  26800000     20.738339     -1.766126
  26900000     20.818069     -1.846899
  27000000     20.892615     -2.059363
  27100000     20.957482     -1.902679
  27200000     21.023207     -1.925935
  27300000     21.077903     -1.923206
  27400000     21.141860     -2.092946
  27500000     21.240912     -1.980681
  27600000     21.298701     -1.942303
  27700000     21.368773     -1.860217
  27800000     21.420774     -1.830111
  27900000     21.498594     -1.873042
  28000000     21.589708     -2.015393
  28100000     21.650926     -2.121483
  28200000     21.715512     -2.045351
  28300000     21.785257     -2.100937
  28400000     21.865409     -2.024177
  28500000     21.928201     -2.140537
  28600000     21.992821     -2.139165
  28700000     22.055824     -2.134983
  28800000     22.109486     -2.106505
  28900000     22.180213     -2.135139
  29000000     22.264017     -2.081759
  29100000     22.331105     -2.061074
  29200000     22.386057     -2.200075
  29300000     22.468315     -2.144047
  29400000     22.494467     -2.320421
  29500000     22.577842     -2.259341
  29600000     22.661813     -2.147028
  29700000     22.732757     -2.078708
  29800000     22.792994     -2.064039
  29900000     22.835084     -2.010956
  30000000     22.888988     -2.465466
  30100000     22.999569     -2.357519
  30200000     23.053373     -2.450579
  30300000     23.123708     -2.345974
  30400000     23.195377     -2.404096
  30500000     23.267656     -2.399462
  30600000     23.341124     -2.493460
  30700000     23.397570     -2.584773
  30800000     23.477061     -2.535227
  30900000     23.530479     -2.622405
  31000000     23.616906     -2.529055
  31100000     23.639116     -2.693398
  31200000     23.762686     -2.562660
  31300000     23.847511     -2.537676
  31400000     23.914914     -2.549618
  31500000     23.954210     -2.580142
  31600000     23.986985     -2.648704
  31700000     24.056615     -2.657731
  31800000     24.212498     -2.198507
  31900000     24.258149     -2.175393
  32000000     24.253022     -2.073910
  32100000     24.293806     -1.997987
  32200000     24.362274     -1.969503
  32300000     24.362090     -1.909976
  32400000     24.557102     -2.021598
  32500000     24.608545     -1.997489
  32600000     24.634098     -1.937104
  32700000     24.792663     -2.072633
  32800000     24.840537     -2.016503
  32900000     24.907271     -2.043179
  33000000     24.960265     -2.000014
  33100000     25.089146     -2.195504
  33200000     25.163369     -2.268123
  33300000     25.222178     -2.285132
  33400000     25.306475     -2.229370
  33500000     25.365967     -2.082468
  33600000     25.446939     -2.242581
  33700000     25.505000     -2.365285
  33800000     25.582299     -2.343417
  33900000     25.651631     -2.374683
  34000000     25.690182     -2.436992
  34100000     25.769947     -2.452734
  34200000     25.790475     -2.584728
  34300000     25.791190     -2.660992
  34400000     25.903756     -2.613925
  34500000     25.942236     -2.654763
  34600000     25.951329     -2.781456
  34700000     26.047637     -2.766986
  34800000     26.108866     -2.770236
  34900000     26.259904     -2.673777
  35000000     26.321905     -2.694747
  35100000     26.416019     -2.582277
  35200000     26.459298     -2.570712
  35300000     26.552523     -2.480492
  35400000     26.603647     -2.360110
  35500000     26.670832     -2.375731
  35600000     26.728099     -2.368541
  35700000     26.810442     -2.349977
  35800000     26.893434     -2.437561
  35900000     26.948816     -2.366749
  36000000     27.041390     -2.519794
  36100000     27.080014     -2.387615
  36200000     27.173401     -2.473848
  36300000     27.223631     -2.398387
  36400000     27.263714     -2.305261
  36500000     27.318027     -2.242126
  36600000     27.405005     -2.260544
  36700000     27.496039     -2.331295
  36800000     27.522955     -2.184312
  36900000     27.621532     -2.217255
  37000000     27.657918     -2.112794
  37100000     27.739752     -2.154742
  37200000     27.778563     -2.101873
  37300000     27.832207     -2.078190
  37400000     27.967046     -2.209553
  37500000     28.053927     -2.224195
  37600000     28.120756     -2.251102
  37700000     28.172794     -2.279500
  37800000     28.246287     -2.321578
  37900000     28.340469     -2.354962
  38000000     28.403223     -2.402867
  38100000     28.456064     -2.380189
  38200000     28.544564     -2.365902
  38300000     28.607024     -2.368409
  38400000     28.656019     -2.457853
  38500000     28.702824     -2.435472
  38600000     28.802379     -2.407570
  38700000     28.872970     -2.271616
  38800000     28.975908     -2.411496
  38900000     29.043669     -2.417019
  39000000     29.114066     -2.332294
  39100000     29.160161     -2.293836
  39200000     29.248586     -2.452405
  39300000     29.321349     -2.480155
  39400000     29.387386     -2.497387
  39500000     29.458433     -2.455921
  39600000     29.497810     -2.547209
  39700000     29.555601     -2.614028
  39800000     29.617197     -2.728942
  39900000     29.697489     -2.733413
  40000000     29.765613     -2.772591
  40100000     29.842289     -2.736070
  40200000     29.914000     -2.722607
  40300000     29.959573     -2.852563
  40400000     29.988189     -2.934506
  40500000     30.138739     -2.646308
  40600000     30.198620     -2.749687
  40700000     30.258762     -2.808969
  40800000     30.313124     -2.847517
  40900000     30.373521     -2.924006
  41000000     30.468077     -2.874925
  41100000     30.529142     -2.904205
  41200000     30.583327     -2.979500
  41300000     30.679558     -2.805810
  41400000     30.750883     -2.677719
  41500000     30.845587     -2.643857
  41600000     30.900292     -2.606015
  41700000     30.978090     -2.689045
  41800000     31.047466     -2.646893
  41900000     31.099846     -2.659333
  42000000     31.168145     -2.697651
  42100000     31.237230     -2.747173
  42200000     31.296572     -2.767029
  42300000     31.355616     -2.760275
  42400000     31.413082     -2.746729
  42500000     31.480411     -2.835386
  42600000     31.545566     -2.868885
  42700000     31.614856     -2.822395
  42800000     31.692403     -2.779412
  42900000     31.767428     -2.810517
  43000000     31.792872     -2.926585
  43100000     31.898994     -2.827436
  43200000     31.978209     -2.823139
  43300000     32.046737     -2.840236
  43400000     32.125895     -2.828794
  43500000     32.203293     -2.791161
  43600000     32.201711     -3.004428
  43700000     32.282386     -2.974404
  43800000     32.223693     -3.174320
  43900000     32.285459     -3.229294
  44000000     32.265696     -3.312579
  44100000     32.335746     -3.334380
  44200000     32.437887     -3.340503
  44300000     32.414426     -3.439931
  44400000     32.457965     -3.492752
  44500000     32.356318     -3.628870
  44600000     32.469818     -3.660310
  44700000     32.478446     -3.725106
  44800000     32.532441     -3.754859
  44900000     32.638367     -3.749582
  45000000     32.665536     -3.808397
  45100000     32.699829     -3.853728
  45200000     32.784852     -3.855895
  45300000     32.861157     -3.836660
  45400000     32.799782     -4.035865
  45500000     32.823937     -4.109787
  45600000     32.924714     -4.119737
  45700000     32.875951     -4.242946
  45800000     32.882002     -4.322619
  45900000     32.975862     -4.348587
  46000000     33.071497     -4.353971
  46100000     33.088508     -4.414204
  46200000     33.107848     -4.471200
  46300000     33.027609     -4.595901
  46400000     33.175243     -4.581166
  46500000     33.263706     -4.632481
  46600000     33.157250     -4.780853
  46700000     33.172595     -4.841338
  46800000     33.304986     -4.854030
  46900000     33.302524     -4.953252
  47000000     33.345086     -4.998995
  47100000     33.359008     -5.073510
  47200000     33.631769     -4.925194
  47300000     33.732003     -4.939225
  47400000     33.720062     -5.067771
  47500000     33.778793     -5.103159
  47600000     33.828090     -5.167191
  47700000     34.005187     -5.038324
  47800000     34.082071     -5.015804
  47900000     34.143476     -5.049297
  48000000     34.167435     -5.167926
  48100000     34.273981     -5.078082
  48200000     34.360892     -5.011088
  48300000     34.416833     -5.010338
  48400000     34.475127     -5.034261
  48500000     34.552034     -4.992055
  48600000     34.563137     -4.790339
  48700000     34.633109     -4.769566
  48800000     34.758703     -5.057767
  48900000     34.826008     -5.097573
  49000000     34.915023     -5.051938
  49100000     34.999996     -5.120587
  49200000     35.075208     -5.142471
  49300000     35.135629     -5.187381
  49400000     35.123585     -5.316132
  49500000     35.203159     -5.307868
  49600000     35.371632     -5.084703
  49700000     35.446093     -5.010835
  49800000     35.485807     -5.133118
  49900000     35.534790     -5.156141
  50000000     35.620032     -4.987684
