         0      3.000000      0.000000
    100000      3.032011     -0.096214
    200000      3.129382     -0.026020
    300000      3.186291     -0.046266
    400000      3.254249     -0.038944
    500000      3.339876      0.065541
    600000      3.416070     -0.031779
    700000      3.485274     -0.027197
    800000      3.558114      0.023293
    900000      3.633514      0.021180
   1000000      3.691596     -0.116195
   1100000      3.761870     -0.165499
   1200000      3.859978     -0.111181
   1300000      3.941536     -0.099687
   1400000      4.006641     -0.111406
   1500000      4.086777     -0.029614
   1600000      4.145183      0.041144
   1700000      4.203295      0.081363
   1800000      4.268132      0.096903
   1900000      4.353515     -0.102616
   2000000      4.395730      0.120876
   2100000      4.449794      0.160615
   2200000      4.540316     -0.022104
   2300000      4.605255      0.059830
   2400000      4.655436     -0.049607
   2500000      4.739313      0.019861
   2600000      4.797513     -0.073828
   2700000      4.848857     -0.163002
   2800000      4.887616     -0.224083
   2900000      5.009330     -0.203408
   3000000      5.080740     -0.191197
   3100000      5.134079     -0.239557
   3200000      5.209243     -0.187610
   3300000      5.273121     -0.115073
   3400000      5.327879     -0.198211
   3500000      5.399243     -0.191240
   3600000      5.467068     -0.110981
   3700000      5.436532      0.179349
   3800000      5.630397     -0.170247
   3900000      5.683400      0.008235
   4000000      5.786879     -0.093283
   4100000      5.858577     -0.054595
   4200000      5.928464     -0.122556
   4300000      5.968716      0.043259
   4400000      6.021425      0.053709
   4500000      6.065464      0.146790
   4600000      6.137359      0.104177
   4700000      6.186984      0.161619
   4800000      6.266620      0.096672
   4900000      6.424926     -0.006254
   5000000      6.462847      0.148449
   5100000      6.549973      0.105790
   5200000      6.603483      0.112920
   5300000      6.654396      0.182554
   5400000      6.707590      0.169853
   5500000      6.733018      0.318239
   5600000      6.754814      0.385078
   5700000      6.883693      0.311409
   5800000      6.926160      0.388630
   5900000      7.051637      0.273813
   6000000      7.093325      0.176434
   6100000      7.158528      0.327492
   6200000      7.235545      0.303222
   6300000      7.356490      0.333204
   6400000      7.443526      0.324147
   6500000      7.488549      0.352614
   6600000      7.593648      0.330407
   6700000      7.624226      0.393617
   6800000      7.667963      0.487749
   6900000      7.701540      0.530925
   7000000      7.728867      0.629604
   7100000      7.749289      0.727547
   7200000      7.816501      0.775663
   7300000      7.929035      0.758707
   7400000      7.996331      0.778617
   7500000      7.976353      0.894881
   7600000      7.981145      0.967437
   7700000      7.916950      1.063705
   7800000      7.967208      1.129340
   7900000      7.944350      1.206969
   8000000      8.180936      1.181647
   8100000      8.140535      1.284098
   8200000      8.259779      1.289845
   8300000      8.364107      1.277365
   8400000      8.425542      1.300447
   8500000      8.504802      1.298320
   8600000      8.526461      1.397551
   8700000      8.592548      1.430687
   8800000      8.553504      1.573532
   8900000      8.645046      1.552764
   9000000      8.692009      1.618063
   9100000      8.647998      1.727807
   9200000      8.792771      1.716336
   9300000      8.780527      1.820069
   9400000      8.933827      1.720078
   9500000      9.018262      1.757527
   9600000      9.028852      1.834510
   9700000      9.112255      1.838996
   9800000      9.237699      1.837685
   9900000      9.307293      1.840698
  10000000      9.359191      1.866771
  10100000      9.357800      2.013199
  10200000      9.436304      2.040333
  10300000      9.470350      2.124239
  10400000      9.529859      2.120235
  10500000      9.543875      2.259103
  10600000      9.597641      2.296782
  10700000      9.585625      2.418883
  10800000      9.544655      2.542235
  10900000      9.613629      2.583148
  11000000      9.481503      2.741735
  11100000      9.332619      2.818549
  11200000      9.377856      2.882125
  11300000      9.354206      2.940423
  11400000      9.324692      3.005631
  11500000      9.465718      3.074632
  11600000      9.404523      3.158178
  11700000      9.533112      3.216261
  11800000      9.506755      3.286604
  11900000      9.544610      3.349355
  12000000      9.453899      3.420491
  12100000      9.576900      3.481384
  12200000      9.507743      3.534929
  12300000      9.545992      3.607471
  12400000      9.588122      3.660045
  12500000      9.563322      3.732274
  12600000      9.578574      3.801555
  12700000      9.574747      3.852286
  12800000      9.589709      3.931180
  12900000      9.446432      3.969823
  13000000      9.512861      4.060590
  13100000      9.574220      4.140168
  13200000      9.631284      4.206356
  13300000      9.607491      4.287240
  13400000      9.565984      4.347124
  13500000      9.680950      4.406240
  13600000      9.615827      4.491663
  13700000      9.670812      4.560382
  13800000      9.692526      4.628137
  13900000      9.815224      4.661148
  14000000      9.831463      4.717780
  14100000      9.926478      4.789728
  14200000      9.947799      4.855732
  14300000     10.063867      4.884561
  14400000     10.129964      4.932887
  14500000     10.261149      4.968499
  14600000     10.378096      4.923134
  14700000     10.330862      5.084292
  14800000     10.322774      5.191613
  14900000     10.451601      5.180955
  15000000     10.298250      5.362881
  15100000     10.177789      5.420961
  15200000     10.581287      5.348290
  15300000     10.556971      5.454459
  15400000     10.712211      5.399179
  15500000     10.705998      5.510708
  15600000     10.769748      5.525069
  15700000     10.810695      5.573279
  15800000     10.821100      5.665836
  15900000     10.801617      5.758434
  16000000     10.857794      5.787812
  16100000     10.792477      5.901446
  16200000     10.917928      5.920278
  16300000     11.066263      5.919435
  16400000     11.100848      5.973479
  16500000     11.205876      5.960787
  16600000     11.360571      5.871718
  16700000     11.325374      6.061273
  16800000     11.407142      6.082166
  16900000     11.408737      6.202076
  17000000     11.425133      6.288848
  17100000     11.540416      6.260847
  17200000     11.532120      6.389881
  17300000     11.533981      6.478504
  17400000     11.503176      6.601801
  17500000     11.551818      6.653519
  17600000     11.540652      6.717950
  17700000     11.713006      6.705077
  17800000     11.834703      6.650398
  17900000     11.715900      6.888291
  18000000     11.803039      6.905256
  18100000     11.743224      7.026497
  18200000     11.855954      7.070832
  18300000     12.115310      7.008422
  18400000     12.152688      7.013440
  18500000     12.215821      7.060198
  18600000     12.306733      7.071583
  18700000     12.385859      7.099556
  18800000     12.430876      7.160404
  18900000     12.546677      7.123631
  19000000     12.562261      7.185799
  19100000     12.670436      7.128861
  19200000     12.690477      7.251177
  19300000     12.807728      7.205906
  19400000     12.926793      7.117181
  19500000     12.936220      7.264157
  19600000     12.997730      7.277929
  19700000     13.001785      7.416751
  19800000     13.146076      7.359202
  19900000     13.208449      7.366923
  20000000     13.267832      7.390990
  20100000     13.351620      7.402950
  20200000     13.367110      7.485943
  20300000     13.495968      7.450900
  20400000     13.555288      7.457414
  20500000     13.633504      7.386404
  20600000     13.682544      7.426513
  20700000     13.737544      7.506560
  20800000     13.818739      7.550425
  20900000     13.906691      7.402820
  21000000     13.969685      7.516770
  21100000     13.996138      7.609916
  21200000     14.110808      7.555550
  21300000     14.207180      7.550156
  21400000     14.289053      7.544547
  21500000     14.318053      7.603825
  21600000     14.428976      7.549683
  21700000     14.469834      7.644762
  21800000     14.539153      7.644759
  21900000     14.570261      7.713232
  22000000     14.582893      7.795615
  22100000     14.597538      7.846392
  22200000     14.645762      7.878011
  22300000     14.670768      7.914861
  22400000     14.545151      8.021648
  22500000     15.042884      7.498893
  22600000     15.140283      7.518634
  22700000     15.201539      7.544435
  22800000     15.276396      7.576822
  22900000     15.344626      7.639092
  23000000     15.409690      7.641980
  23100000     15.463848      7.707717
  23200000     15.457116      7.864053
  23300000     15.507035      7.905465
  23400000     15.490435      8.035563
  23500000     15.515300      8.101147
  23600000     15.654871      8.057204
  23700000     15.637806      8.189960
  23800000     15.742390      8.191814
  23900000     15.811469      8.193042
  24000000     15.802820      8.328727
  24100000     15.781381      8.413159
  24200000     15.968536      8.337361
  24300000     16.011061      8.360089
  24400000     15.985105      8.527928
  24500000     16.082115      8.521749
  24600000     16.084436      8.601825
  24700000     16.276147      8.513842
  24800000     16.358949      8.516649
  24900000     16.357146      8.637600
  25000000     16.521094      8.518097
  25100000     16.620166      8.468229
  25200000     16.670154      8.554027
  25300000     16.751975      8.509613
  25400000     16.812304      8.401703
  25500000     16.859539      8.357041
  25600000     16.943635      8.388468
  25700000     17.026797      8.408300
  25800000     17.089119      8.370537
  25900000     17.179718      8.349718
  26000000     17.227493      8.664513
  26100000     17.256782      8.751482
  26200000     17.383608      8.511472
  26300000     17.452312      8.567991
  26400000     17.512820      8.600888
  26500000     17.560541      8.491430
  26600000     17.615602      8.441308
  26700000     17.680867      8.402480
  26800000     17.688413      8.324303
  26900000     17.770637      8.326563
  27000000     17.889249      8.493726
  27100000     17.955116      8.575511
  27200000     18.035647      8.576078
  27300000     18.101198      8.470831
  27400000     18.168503      8.486782
  27500000     18.193293      8.327131
  27600000     18.259758      8.314542
  27700000     18.398502      8.546191
  27800000     18.453729      8.517520
  27900000     18.514928      8.542274
  28000000     18.594636      8.456585
  28100000     18.657101      8.385834
  28200000     18.734267      8.415357
  28300000     18.810119      8.385678
  28400000     18.873388      8.392133
  28500000     18.948182      8.486095
  28600000     19.011725      8.371792
  28700000     19.080584      8.665481
  28800000     19.147528      8.688822
  28900000     19.193571      8.687978
  29000000     19.282196      8.645635
  29100000     19.353124      8.639709
  29200000     19.433374      8.571108
  29300000     19.493774      8.564474
  29400000     19.578715      8.503284
  29500000     19.613143      8.560340
  29600000     19.708138      8.254614
  29700000     19.779798      8.287763
  29800000     19.863246      8.292145
  29900000     19.940082      8.320969
  30000000     19.993759      8.238885
  30100000     20.079693      8.373845
  30200000     20.139647      8.454846
  30300000     20.157096      8.078064
  30400000     20.242455      8.062816
  30500000     20.377252      8.200023
  30600000     20.384248      8.029267
  30700000     20.492125      8.087479
  30800000     20.522751      8.004872
  30900000     20.579014      7.948175
  31000000     20.692927      8.033117
  31100000     20.777937      8.026841
  31200000     20.892391      8.163935
  31300000     20.953763      8.068531
  31400000     21.045134      8.101437
  31500000     21.112047      8.105695
  31600000     21.183120      8.151216
  31700000     21.251616      8.144360
  31800000     21.322188      8.137988
  31900000     21.360121      8.029129
  32000000     21.436426      8.003913
  32100000     21.535319      8.082411
  32200000     21.610517      8.036480
  32300000     21.680223      8.000275
  32400000     21.752182      7.995688
  32500000     21.819946      7.896328
  32600000     21.866826      7.824248
  32700000     21.917160      7.781938
  32800000     21.947933      7.713857
  32900000     22.057007      7.764814
  33000000     22.127212      7.749293
  33100000     22.183455      7.715769
  33200000     22.227707      7.645014
  33300000     22.276712      7.605655
  33400000     22.384833      7.656514
  33500000     22.457149      7.647570
  33600000     22.419111      7.443466
  33700000     22.521450      7.438214
  33800000     22.690532      7.605813
  33900000     22.743717      7.653643
  34000000     22.794327      7.555912
  34100000     22.922993      7.744422
  34200000     22.988597      7.618677
  34300000     23.052621      7.617097
  34400000     23.095477      7.533305
  34500000     23.156060      7.537179
  34600000     23.206043      7.497837
  34700000     23.295230      7.558059
  34800000     23.360686      7.558890
  34900000     23.409995      7.419219
  35000000     23.458402      7.355264
  35100000     23.526587      7.325620
  35200000     23.434016      7.103907
  35300000     23.448480      7.044800
  35400000     23.505931      7.013402
  35500000     23.488450      6.930681
  35600000     23.556451      6.911056
  35700000     23.691463      6.981376
  35800000     23.707853      6.906019
  35900000     23.705679      6.783181
  36000000     23.656593      6.662226
  36100000     23.818268      6.688060
  36200000     23.740334      6.532567
  36300000     23.783980      6.480406
  36400000     24.042919      6.639709
  36500000     24.096361      6.581355
  36600000     24.098999      6.440289
  36700000     24.106897      6.363159
  36800000     24.099632      6.272096
  36900000     24.059718      6.180035
  37000000     24.349433      6.362550
  37100000     24.439852      6.308462
  37200000     24.476762      6.218840
  37300000     24.478325      6.137949
  37400000     24.642512      6.209161
  37500000     24.704067      6.182318
  37600000     24.761557      6.132221
  37700000     24.852833      6.136628
  37800000     24.939394      6.132450
  37900000     25.015681      6.163568
  38000000     25.031567      6.039449
  38100000     25.079242      5.971225
  38200000     25.044814      5.862881
  38300000     25.168218      5.871021
  38400000     25.165912      5.782833
  38500000     25.199441      5.730482
  38600000     25.182853      5.653277
  38700000     25.111018      5.561011
  38800000     25.080701      5.489467
  38900000     25.095913      5.413485
  39000000     25.041499      5.361386
  39100000     24.944616      5.345611
  39200000     24.951626      5.270306
  39300000     24.938925      5.224134
  39400000     24.940361      5.170441
  39500000     24.863607      5.135254
  39600000     24.827849      5.077336
  39700000     24.629119      5.140853
  39800000     24.558560      5.100941
  39900000     24.647736      4.933361
  40000000     24.603945      4.885325
  40100000     24.564892      4.852793
  40200000     24.767417      4.666650
  40300000     24.700849      4.600191
  40400000     24.652882      4.552128
  40500000     24.813080      4.464512
  40600000     24.819319      4.406041
  40700000     24.819808      4.343782
  40800000     24.895808      4.300551
  40900000     24.805037      4.227204
  41000000     24.765962      4.160874
  41100000     24.803503      4.104259
  41200000     24.833099      4.049949
  41300000     24.968111      4.025616
  41400000     24.952398      3.955021
  41500000     24.944247      3.888152
  41600000     24.885217      3.811682
  41700000     24.873438      3.740591
  41800000     24.889621      3.658848
  41900000     25.052180      3.628875
  42000000     25.029611      3.529512
  42100000     25.218413      3.538476
  42200000     25.260545      3.472325
  42300000     25.289118      3.393201
  42400000     25.669940      3.611685
  42500000     25.800276      3.666814
  42600000     25.875513      3.723863
  42700000     25.903446      3.618088
  42800000     25.942888      3.542907
  42900000     25.996323      3.507177
  43000000     26.025747      3.435916
  43100000     26.087316      3.412692
  43200000     26.204181      3.478649
  43300000     26.284177      3.500465
  43400000     26.272367      3.272769
  43500000     26.340020      3.255625
  43600000     26.404915      3.257924
  43700000     26.395574      3.106697
  43800000     26.474837      3.057115
  43900000     26.518069      2.980329
  44000000     26.584984      2.934362
  44100000     26.631607      2.844493
  44200000     26.715539      2.832871
  44300000     26.738969      2.772842
  44400000     26.851296      2.811273
  44500000     26.993720      2.935362
  44600000     27.034622      2.850125
  44700000     27.111456      2.877402
  44800000     27.155660      2.749059
  44900000     27.215347      2.727082
  45000000     27.220931      2.590649
  45100000     27.259620      2.536951
  45200000     27.447801      2.698667
  45300000     27.500978      2.676585
  45400000     27.510016      2.509685
  45500000     27.578873      2.524230
  45600000     27.650823      2.504640
  45700000     27.702704      2.506614
  45800000     27.754485      2.496562
  45900000     27.808376      2.459841
  46000000     27.864623      2.410420
  46100000     27.939895      2.361018
  46200000     28.039057      2.407847
  46300000     28.116095      2.378859
  46400000     28.152640      2.297866
  46500000     28.201319      2.558698
  46600000     28.236682      2.602499
  46700000     28.390706      2.296017
  46800000     28.474861      2.310462
  46900000     28.567928      2.339686
  47000000     28.625855      2.338462
  47100000     28.699444      2.392316
  47200000     28.752482      2.400895
  47300000     28.802688      2.446769
  47400000     28.860416      2.494638
  47500000     28.936127      2.492506
  47600000     28.991543      2.531888
  47700000     29.065114      2.563239
  47800000     29.146985      2.490716
  47900000     29.189714      2.625209
  48000000     29.254422      2.635491
  48100000     29.305258      2.675019
  48200000     29.352088      2.732192
  48300000     29.419330      2.710373
  48400000     29.470566      2.786429
  48500000     29.535717      2.810102
  48600000     29.669851      2.678090
  48700000     29.728926      2.765758
  48800000     29.779246      2.828488
  48900000     29.801825      2.973468
  49000000     29.816033      3.027408
  49100000     29.847162      3.107384
  49200000     29.957623      3.093671
  49300000     29.990220      3.152062
  49400000     30.180078      2.882558
  49500000     30.254708      2.753428
  49600000     30.330827      2.804743
  49700000     30.392383      2.733838
  49800000     30.472455      2.862146
  49900000     30.525881      2.905391
  50000000     30.599150      2.900247
