         0      3.000000      0.000000
    100000      3.042969      0.001967
    200000      3.113528      0.080353
    300000      3.174252      0.110132
    400000      3.201615      0.204277
    500000      3.313216      0.009137
    600000      3.375391      0.141381
    700000      3.466849      0.206935
    800000      3.559305      0.078798
    900000      3.623897      0.151278
   1000000      3.690104      0.188119
   1100000      3.748949      0.239236
   1200000      3.812298      0.258968
   1300000      3.898323      0.283133
   1400000      3.954774      0.357461
   1500000      4.007493      0.380475
   1600000      4.067144      0.393368
   1700000      4.100242      0.492571
   1800000      4.191077      0.415610
   1900000      4.264515      0.362042
   2000000      4.335769      0.355818
   2100000      4.351442      0.616642
   2200000      4.396222      0.654064
   2300000      4.392244      0.735932
   2400000      4.429002      0.771774
   2500000      4.595155      0.667269
   2600000      4.766663      0.452657
   2700000      4.818185      0.540487
   2800000      4.873070      0.564110
   2900000      4.902637      0.672540
   3000000      5.060879      0.499902
   3100000      5.102299      0.580502
   3200000      5.135085      0.686247
   3300000      5.256048      0.599705
   3400000      5.321415      0.636759
   3500000      5.398769      0.557342
   3600000      5.472711      0.435088
   3700000      5.542458      0.505126
   3800000      5.601899      0.500404
   3900000      5.681933      0.637659
   4000000      5.748684      0.661863
   4100000      5.820397      0.580080
   4200000      5.883693      0.628746
   4300000      5.941749      0.607749
   4400000      6.034989      0.690210
   4500000      6.108421      0.671495
   4600000      6.164428      0.647435
   4700000      6.227837      0.591159
   4800000      6.309036      0.768554
   4900000      6.375930      0.757301
   5000000      6.449901      0.749106
   5100000      6.498682      0.797797
   5200000      6.559600      0.778495
   5300000      6.546633      0.879843
   5400000      6.558856      0.927134
   5500000      6.552029      0.997377
   5600000      6.829727      0.807553
   5700000      6.894877      0.850680
   5800000      6.948651      0.862429
   5900000      6.999336      0.879633
   6000000      6.996645      0.979889
   6100000      7.168851      0.835592
   6200000      7.231711      0.847877
   6300000      7.328436      0.802966
   6400000      7.403361      0.808639
   6500000      7.487549      0.773126
   6600000      7.543416      0.622086
   6700000      7.618809      0.602746
   6800000      7.661929      0.585329
   6900000      7.769696      0.682109
   7000000      7.761644      0.492135
   7100000      7.902428      0.596870
   7200000      7.982764      0.616796
   7300000      8.036970      0.604344
   7400000      8.127388      0.655495
   7500000      8.188865      0.615372
   7600000      8.269681      0.611102
   7700000      8.336307      0.584846
   7800000      8.380696      0.808868
   7900000      8.470524      0.757690
   8000000      8.522492      0.798969
   8100000      8.608047      0.790177
   8200000      8.655175      0.827680
   8300000      8.726663      0.802495
   8400000      8.803193      0.808026
   8500000      8.874693      0.751203
   8600000      8.962975      0.764000
   8700000      9.019792      0.771279
   8800000      9.085318      0.804751
   8900000      9.164909      0.891312
   9000000      9.236302      0.861489
   9100000      9.305125      0.775248
   9200000      9.370003      0.818218
   9300000      9.434868      0.837358
   9400000      9.502763      0.881250
   9500000      9.542881      0.928524
   9600000      9.652826      0.827995
   9700000      9.728906      0.793782
   9800000      9.789807      0.805007
   9900000      9.855752      0.734317
  10000000      9.933056      0.716925
  10100000      9.938359      0.592987
  10200000     10.041750      0.925680
  10300000     10.134896      0.703614
  10400000     10.192161      0.669665
  10500000     10.273064      0.935729
  10600000     10.355061      0.758203
  10700000     10.416267      0.797248
  10800000     10.474411      0.941669
  10900000     10.463197      1.125530
  11000000     10.594397      1.057870
  11100000     10.681425      0.937357
  11200000     10.658263      1.132817
  11300000     10.818749      0.973203
  11400000     10.884764      0.964465
  11500000     10.940417      1.043957
  11600000     10.986544      1.112312
  11700000     11.029249      1.145617
  11800000     11.168405      1.007839
  11900000     11.254465      0.919708
  12000000     11.296124      0.995841
  12100000     11.371702      0.878721
  12200000     11.454104      1.031400
  12300000     11.506145      1.045396
  12400000     11.569269      1.004640
  12500000     11.622247      0.968574
  12600000     11.684279      0.939823
  12700000     11.759080      1.119698
  12800000     11.811097      0.938080
  12900000     11.878328      0.891215
  13000000     11.955166      1.182503
  13100000     12.054349      1.032581
  13200000     12.111628      1.145273
  13300000     12.160512      1.180218
  13400000     12.259163      0.929969
  13500000     12.325933      1.023864
  13600000     12.384802      0.890987
  13700000     12.478334      0.954020
  13800000     12.555939      1.003925
  13900000     12.617592      1.165709
  14000000     12.684792      1.101048
  14100000     12.727065      0.965108
  14200000     12.811262      1.002188
  14300000     12.860944      0.940937
  14400000     12.902766      0.914250
  14500000     13.013999      0.951452
  14600000     13.080960      0.943728
  14700000     13.154859      0.945923
  14800000     13.295021      1.149102
  14900000     13.362727      1.188229
  15000000     13.425741      1.225207
  15100000     13.495824      1.099743
  15200000     13.577820      1.059256
  15300000     13.598284      0.904796
  15400000     13.701763      1.018994
  15500000     13.781629      1.053672
  15600000     13.854875      0.969675
  15700000     13.925605      1.045428
  15800000     13.983979      0.961650
  15900000     14.011847      0.843467
  16000000     14.077941      0.821588
  16100000     14.145101      0.856448
  16200000     14.198729      0.691492
  16300000     14.237588      0.635406
  16400000     14.265067      0.555155
  16500000     14.381524      0.579120
  16600000     14.493096      0.654185
  16700000     14.560755      0.709009
  16800000     14.619889      0.757828
  16900000     14.706350      0.724298
  17000000     14.774715      0.755879
  17100000     14.839165      0.767313
  17200000     14.917053      0.700584
  17300000     15.004436      0.668880
  17400000     15.066592      0.689467
  17500000     15.087965      0.776835
  17600000     15.106988      0.825506
  17700000     15.178851      0.819109
  17800000     15.302848      0.701997
  17900000     15.346019      0.751953
  18000000     15.391574      0.792921
  18100000     15.491967      0.637329
  18200000     15.566909      0.601253
  18300000     15.629982      0.643644
  18400000     15.706864      0.600982
  18500000     15.761801      0.308483
  18600000     15.826891      0.276143
  18700000     15.881027      0.606911
  18800000     15.986595      0.333865
  18900000     16.056898      0.248937
  19000000     16.085202      0.126633
  19100000     16.110489     -0.018041
  19200000     16.175574     -0.052819
  19300000     16.184810     -0.103749
  19400000     16.206895     -0.136944
  19500000     16.437792      0.063753
  19600000     16.491768      0.030338
  19700000     16.583511      0.098665
  19800000     16.602687     -0.054372
  19900000     16.650635     -0.096955
  20000000     16.772879     -0.006972
  20100000     16.843248      0.021669
  20200000     16.873051     -0.100632
  20300000     16.921310     -0.143962
  20400000     16.986549     -0.145609
  20500000     17.123708      0.009291
  20600000     17.164007     -0.102323
  20700000     17.250400     -0.050118
  20800000     17.287402     -0.160871
  20900000     17.316593     -0.229417
  21000000     17.407778     -0.194840
  21100000     17.513498     -0.029681
  21200000     17.577371      0.019683
  21300000     17.607619      0.138759
  21400000     17.634109      0.199171
  21500000     17.783415     -0.196843
  21600000     17.855307     -0.165100
  21700000     17.931244     -0.172294
  21800000     17.937387     -0.322669
  21900000     18.012500     -0.325897
  22000000     18.100055     -0.350038
  22100000     18.151898     -0.400069
  22200000     18.194089     -0.445516
  22300000     18.276507     -0.413511
  22400000     18.370825     -0.347771
  22500000     18.410293     -0.427255
  22600000     18.492463     -0.401188
  22700000     18.597342     -0.284063
  22800000     18.657085     -0.170259
  22900000     18.693325     -0.343063
  23000000     18.802922     -0.077579
  23100000     18.891560     -0.246848
  23200000     18.959271     -0.254907
  23300000     19.020669     -0.246626
  23400000     19.087436     -0.056770
  23500000     19.146492      0.101609
  23600000     19.218560      0.060313
  23700000     19.291819      0.063921
  23800000     19.342939      0.170162
  23900000     19.323356      0.308477
  24000000     19.422907      0.282120
  24100000     19.471135      0.325757
  24200000     19.508812      0.396065
  24300000     19.642963      0.355154
  24400000     19.688135      0.407979
  24500000     19.800071      0.298650
  24600000     19.849704      0.364870
  24700000     19.934207      0.321618
  24800000     20.000155      0.324089
  24900000     20.088672      0.265803
  25000000     20.153469      0.341462
  25100000     20.240415      0.318424
  25200000     20.295104      0.421313
  25300000     20.327763      0.505941
  25400000     20.401373      0.518553
  25500000     20.459776      0.520526
  25600000     20.515377      0.471592
  25700000     20.562795      0.660839
  25800000     20.578352      0.746257
  25900000     20.610711      0.824200
  26000000     20.628088      0.900146
  26100000     20.735084      0.886835
  26200000     20.737678      0.979457
  26300000     20.855041      0.986341
  26400000     20.888441      1.065405
  26500000     20.979222      1.073945
  26600000     21.067087      1.057178
  26700000     21.167602      1.023131
  26800000     21.262981      0.945433
  26900000     21.323237      0.810697
  27000000     21.366943      0.895994
  27100000     21.335423      1.296859
  27200000     21.403696      1.337871
  27300000     21.490375      1.364558
  27400000     21.538380      1.416493
  27500000     21.599444      1.454647
  27600000     21.670644      1.438502
  27700000     21.728746      1.455562
  27800000     21.695925      1.711690
  27900000     21.710080      1.798055
  28000000     21.806359      1.801944
  28100000     21.752655      1.919151
  28200000     21.737076      1.950050
  28300000     22.020411      1.873323
  28400000     22.097366      1.863655
  28500000     22.164471      1.888816
  28600000     22.223923      1.819128
  28700000     22.275933      1.950064
  28800000     22.309868      2.065116
  28900000     22.335063      2.161406
  29000000     22.339983      2.274144
  29100000     22.452932      2.229943
  29200000     22.606584      2.080282
  29300000     22.662848      2.128603
  29400000     22.715442      2.181593
  29500000     22.753666      2.237797
  29600000     22.845037      2.166038
  29700000     22.903490      2.232841
  29800000     22.923805      2.341818
  29900000     23.003535      2.304007
  30000000     23.068638      2.314239
  30100000     23.172689      2.210842
  30200000     23.229779      2.211637
  30300000     23.299361      2.303185
  30400000     23.375214      2.330037
  30500000     23.462130      2.258994
  30600000     23.541646      2.328211
  30700000     23.591285      2.370030
  30800000     23.688908      2.255139
  30900000     23.753064      2.220793
  31000000     23.821278      2.187506
  31100000     23.877140      2.224672
  31200000     23.968525      2.282967
  31300000     24.032005      2.330292
  31400000     24.079028      2.425072
  31500000     24.159408      2.380855
  31600000     24.228693      2.440042
  31700000     24.307981      2.376484
  31800000     24.327615      2.572445
  31900000     24.430606      2.385997
  32000000     24.499772      2.317207
  32100000     24.583413      2.353992
  32200000     24.661490      2.314394
  32300000     24.724575      2.313921
  32400000     24.800329      2.296305
  32500000     24.835954      2.247722
  32600000     24.931850      2.308343
  32700000     24.992312      2.234416
  32800000     25.070301      2.370165
  32900000     25.129306      2.409666
  33000000     25.176160      2.478338
  33100000     25.245735      2.532582
  33200000     25.312954      2.559690
  33300000     25.402823      2.559439
  33400000     25.483587      2.538369
  33500000     25.563997      2.458753
  33600000     25.640399      2.461875
  33700000     25.699868      2.473025
  33800000     25.768535      2.562041
  33900000     25.829297      2.566862
  34000000     25.872672      2.590410
  34100000     25.958040      2.597984
  34200000     26.021860      2.590108
  34300000     26.066741      2.625542
  34400000     26.224585      2.392440
  34500000     26.270522      2.468593
  34600000     26.360896      2.256528
  34700000     26.426757      2.219739
  34800000     26.485823      2.211892
  34900000     26.565103      2.232354
  35000000     26.619254      2.114597
  35100000     26.714078      2.254491
  35200000     26.780461      2.206106
  35300000     26.849774      2.276555
  35400000     26.883444      2.032115
  35500000     26.859699      1.871371
  35600000     26.894719      1.824113
  35700000     27.093183      2.051113
  35800000     27.177217      1.998224
  35900000     27.235301      1.990876
  36000000     27.280270      1.937744
  36100000     27.314441      1.817244
  36200000     27.378094      1.773516
  36300000     27.349222      1.637743
  36400000     27.491039      1.706706
  36500000     27.590410      1.723734
  36600000     27.616503      1.636916
  36700000     27.683630      1.655067
  36800000     27.828733      1.719189
  36900000     27.905187      1.703637
  37000000     27.934490      1.574636
  37100000     27.962051      1.509742
  37200000     28.053343      1.531011
  37300000     28.082244      1.475301
  37400000     28.211818      1.524838
  37500000     28.322616      1.576259
  37600000     28.381844      1.555043
  37700000     28.405480      1.432036
  37800000     28.506198      1.506028
  37900000     28.558986      1.463716
  38000000     28.636178      1.478428
  38100000     28.693181      1.535576
  38200000     28.769800      1.409092
  38300000     28.825682      1.470171
  38400000     28.825419      1.169726
  38500000     28.974974      1.306493
  38600000     29.068093      1.394834
  38700000     29.152130      1.450435
  38800000     29.199172      1.536344
  38900000     29.274017      1.477619
  39000000     29.301370      1.296974
  39100000     29.257703      1.205304
  39200000     29.493939      1.467981
  39300000     29.541483      1.560738
  39400000     29.574768      1.605287
  39500000     29.691426      1.452105
  39600000     29.748051      1.374764
  39700000     29.809901      1.363897
  39800000     29.875784      1.404793
  39900000     29.971547      1.499094
  40000000     30.031553      1.549873
  40100000     30.089078      1.554641
  40200000     30.170095      1.569894
  40300000     30.231912      1.539504
  40400000     30.318465      1.564909
  40500000     30.411307      1.294706
  40600000     30.475017      1.507950
  40700000     30.554724      1.206773
  40800000     30.564515      1.085984
  40900000     30.657773      1.073219
  41000000     30.766612      1.215670
  41100000     30.849715      1.420428
  41200000     30.863967      1.746880
  41300000     30.973479      1.615408
  41400000     31.037756      1.538007
  41500000     31.092451      1.458146
  41600000     31.150992      1.441680
  41700000     31.287180      1.689010
  41800000     31.331181      1.805072
  41900000     31.362595      1.939164
  42000000     31.407123      1.959867
  42100000     31.460397      1.985453
  42200000     31.539687      2.027353
  42300000     31.545691      2.177120
  42400000     31.623159      2.146379
  42500000     31.668676      2.209883
  42600000     31.741238      2.218459
  42700000     31.808581      2.179672
  42800000     31.860540      2.309775
  42900000     31.914262      2.358310
  43000000     31.978777      2.360396
  43100000     32.038592      2.369774
  43200000     32.091841      2.395194
  43300000     32.213446      2.282233
  43400000     32.254555      2.433427
  43500000     32.341392      2.409947
  43600000     32.417451      2.396381
  43700000     32.482705      2.361602
  43800000     32.555481      2.363397
  43900000     32.598550      2.486512
  44000000     32.655544      2.480558
  44100000     32.723602      2.455952
  44200000     32.788895      2.560967
  44300000     32.833506      2.639011
  44400000     32.861414      2.736770
  44500000     32.963367      2.697172
  44600000     32.977908      2.789357
  44700000     33.031032      2.895595
  44800000     33.135905      2.852180
  44900000     33.237559      2.771752
  45000000     33.265568      2.838109
  45100000     33.310336      2.920149
  45200000     33.394148      2.919811
  45300000     33.486425      2.839625
  45400000     33.582653      2.719920
  45500000     33.656684      2.780170
  45600000     33.729553      2.769285
  45700000     33.780988      2.843039
  45800000     33.838407      2.909918
  45900000     33.879823      2.976311
  46000000     34.013073      2.797506
  46100000     34.093177      2.620406
  46200000     34.168881      2.698502
  46300000     34.221881      2.652948
  46400000     34.320969      2.745179
  46500000     34.392531      2.782866
  46600000     34.443505      2.746565
  46700000     34.506778      2.960481
  46800000     34.597466      2.938026
  46900000     34.663663      2.872762
  47000000     34.703283      3.065437
  47100000     34.734215      3.150728
  47200000     34.836852      3.044326
  47300000     34.901418      3.092911
  47400000     34.967816      3.066469
  47500000     35.043319      2.870532
  47600000     35.079783      2.767164
  47700000     35.159621      2.810669
  47800000     35.201177      2.774969
  47900000     35.270514      2.783038
  48000000     35.359914      2.804250
  48100000     35.424817      2.737205
  48200000     35.427056      2.597169
  48300000     35.554642      2.716075
  48400000     35.572166      2.565159
  48500000     35.490669      2.339726
  48600000     35.608075      2.382812
  48700000     35.721116      2.411670
  48800000     35.770705      2.368423
  48900000     35.845343      2.347972
  49000000     35.888882      2.284020
  49100000     35.960346      2.238644
  49200000     36.002731      2.195932
  49300000     36.024647      2.090804
  49400000     36.143188      2.166942
  49500000     36.215168      2.177174
  49600000     36.260987      2.081774
  49700000     36.329883      2.148577
  49800000     36.363513      1.993483
  49900000     36.450618      2.042082
  50000000     36.449433      1.941410
